0.111433 nan
0.111558 0.000617
0.111683 0.002154
0.111809 nan
0.111934 nan
0.112059 nan
0.112184 nan
0.112310 nan
0.112435 nan
0.112560 nan
0.112685 nan
0.112811 nan
0.112936 nan
0.113061 nan
0.113186 nan
0.113312 nan
0.113437 nan
0.113562 nan
0.113688 nan
0.113813 nan
0.113938 nan
0.114063 nan
0.114189 nan
0.114314 nan
0.114439 nan
0.114564 nan
0.114690 nan
0.114815 nan
0.114940 nan
0.115065 nan
0.115191 nan
0.115316 nan
0.115441 nan
0.115566 nan
0.115692 nan
0.115817 nan
0.115942 nan
0.116067 nan
0.116193 nan
0.116318 nan
0.116443 nan
0.116569 nan
0.116694 nan
0.116819 nan
0.116944 nan
0.117070 nan
0.117195 nan
0.117320 nan
0.117445 nan
0.117571 nan
0.117696 nan
0.117821 nan
0.117946 nan
0.118072 nan
0.118197 nan
0.118322 nan
0.118447 nan
0.118573 nan
0.118698 nan
0.118823 nan
0.118948 nan
0.119074 nan
0.119199 nan
0.119324 nan
0.119450 nan
0.119575 nan
0.119700 nan
0.119825 nan
0.119951 nan
0.120076 nan
0.120201 nan
0.120326 nan
0.120452 nan
0.120577 nan
0.120702 nan
0.120827 nan
0.120953 nan
0.121078 nan
0.121203 nan
0.121328 nan
0.121454 nan
0.121579 nan
0.121704 nan
0.121829 nan
0.121955 nan
0.122080 nan
0.122205 nan
0.122331 nan
0.122456 nan
0.122581 nan
0.122706 nan
0.122832 nan
0.122957 nan
0.123082 nan
0.123207 nan
0.123333 nan
0.123458 nan
0.123583 nan
0.123708 nan
0.123834 nan
0.123959 nan
0.124084 nan
0.124209 nan
0.124335 nan
0.124460 nan
0.124585 nan
0.124710 nan
0.124836 nan
0.124961 nan
0.125086 nan
0.125212 nan
0.125337 nan
0.125462 nan
0.125587 nan
0.125713 nan
0.125838 nan
0.125963 nan
0.126088 nan
0.126214 nan
0.126339 nan
0.126464 nan
0.126589 nan
0.126715 nan
0.126840 nan
0.126965 nan
0.127090 nan
0.127216 nan
0.127341 nan
0.127466 nan
0.127591 nan
0.127717 nan
0.127842 nan
0.127967 nan
0.128093 nan
0.128218 nan
0.128343 nan
0.128468 nan
0.128594 nan
0.128719 nan
0.128844 nan
0.128969 nan
0.129095 nan
0.129220 nan
0.129345 nan
0.129470 nan
0.129596 nan
0.129721 nan
0.129846 nan
0.129971 nan
0.130097 nan
0.130222 nan
0.130347 nan
0.130472 nan
0.130598 nan
0.130723 nan
0.130848 nan
0.130974 nan
0.131099 nan
0.131224 nan
0.131349 nan
0.131475 nan
0.131600 nan
0.131725 nan
0.131850 nan
0.131976 nan
0.132101 nan
0.132226 nan
0.132351 nan
0.132477 nan
0.132602 nan
0.132727 nan
0.132852 nan
0.132978 nan
0.133103 nan
0.133228 nan
0.133353 nan
0.133479 nan
0.133604 nan
0.133729 nan
0.133854 nan
0.133980 nan
0.134105 nan
0.134230 nan
0.134356 nan
0.134481 nan
0.134606 nan
0.134731 nan
0.134857 nan
0.134982 nan
0.135107 nan
0.135232 nan
0.135358 nan
0.135483 nan
0.135608 nan
0.135733 nan
0.135859 nan
0.135984 nan
0.136109 nan
0.136234 nan
0.136360 nan
0.136485 nan
0.136610 nan
0.136735 nan
0.136861 nan
0.136986 nan
0.137111 nan
0.137237 nan
0.137362 nan
0.137487 nan
0.137612 nan
0.137738 nan
0.137863 nan
0.137988 nan
0.138113 nan
0.138239 nan
0.138364 nan
0.138489 nan
0.138614 nan
0.138740 nan
0.138865 nan
0.138990 nan
0.139115 nan
0.139241 nan
0.139366 nan
0.139491 nan
0.139616 nan
0.139742 nan
0.139867 nan
0.139992 nan
0.140118 nan
0.140243 nan
0.140368 nan
0.140493 nan
0.140619 nan
0.140744 nan
0.140869 nan
0.140994 nan
0.141120 nan
0.141245 nan
0.141370 nan
0.141495 nan
0.141621 nan
0.141746 nan
0.141871 nan
0.141996 nan
0.142122 nan
0.142247 nan
0.142372 nan
0.142497 nan
0.142623 nan
0.142748 nan
0.142873 nan
0.142999 nan
0.143124 nan
0.143249 nan
0.143374 nan
0.143500 nan
0.143625 nan
0.143750 nan
0.143875 nan
0.144001 nan
0.144126 nan
0.144251 nan
0.144376 nan
0.144502 nan
0.144627 nan
0.144752 nan
0.144877 nan
0.145003 nan
0.145128 nan
0.145253 nan
0.145378 nan
0.145504 nan
0.145629 nan
0.145754 nan
0.145880 nan
0.146005 nan
0.146130 nan
0.146255 nan
0.146381 nan
0.146506 nan
0.146631 nan
0.146756 nan
0.146882 nan
0.147007 nan
0.147132 nan
0.147257 nan
0.147383 nan
0.147508 nan
0.147633 nan
0.147758 nan
0.147884 nan
0.148009 nan
0.148134 nan
0.148259 nan
0.148385 nan
0.148510 nan
0.148635 nan
0.148761 nan
0.148886 nan
0.149011 nan
0.149136 nan
0.149262 nan
0.149387 nan
0.149512 nan
0.149637 nan
0.149763 nan
0.149888 nan
0.150013 nan
0.150138 nan
0.150264 nan
0.150389 nan
0.150514 nan
0.150639 nan
0.150765 nan
0.150890 nan
0.151015 nan
0.151140 nan
0.151266 nan
0.151391 nan
0.151516 nan
0.151642 nan
0.151767 nan
0.151892 nan
0.152017 nan
0.152143 nan
0.152268 nan
0.152393 nan
0.152518 nan
0.152644 nan
0.152769 nan
0.152894 nan
0.153019 nan
0.153145 nan
0.153270 nan
0.153395 nan
0.153520 nan
0.153646 nan
0.153771 nan
0.153896 nan
0.154021 nan
0.154147 nan
0.154272 nan
0.154397 nan
0.154522 nan
0.154648 nan
0.154773 nan
0.154898 nan
0.155024 nan
0.155149 nan
0.155274 nan
0.155399 nan
0.155525 nan
0.155650 nan
0.155775 nan
0.155900 nan
0.156026 nan
0.156151 nan
0.156276 nan
0.156401 nan
0.156527 nan
0.156652 nan
0.156777 nan
0.156902 nan
0.157028 nan
0.157153 nan
0.157278 nan
0.157403 nan
0.157529 nan
0.157654 nan
0.157779 nan
0.157905 nan
0.158030 nan
0.158155 nan
0.158280 nan
0.158406 nan
0.158531 nan
0.158656 nan
0.158781 nan
0.158907 nan
0.159032 nan
0.159157 nan
0.159282 nan
0.159408 nan
0.159533 nan
0.159658 nan
0.159783 nan
0.159909 nan
0.160034 nan
0.160159 nan
0.160284 nan
0.160410 nan
0.160535 nan
0.160660 nan
0.160786 nan
0.160911 nan
0.161036 nan
0.161161 nan
0.161287 nan
0.161412 nan
0.161537 nan
0.161662 nan
0.161788 nan
0.161913 nan
0.162038 nan
0.162163 nan
0.162289 nan
0.162414 nan
0.162539 nan
0.162664 nan
0.162790 nan
0.162915 nan
0.163040 nan
0.163165 nan
0.163291 nan
0.163416 nan
0.163541 nan
0.163667 nan
0.163792 nan
0.163917 nan
0.164042 nan
0.164168 nan
0.164293 nan
0.164418 nan
0.164543 nan
0.164669 nan
0.164794 nan
0.164919 nan
0.165044 nan
0.165170 nan
0.165295 nan
0.165420 nan
0.165545 nan
0.165671 nan
0.165796 nan
0.165921 nan
0.166046 nan
0.166172 nan
0.166297 nan
0.166422 nan
0.166548 nan
0.166673 nan
0.166798 nan
0.166923 nan
0.167049 nan
0.167174 nan
0.167299 nan
0.167424 nan
0.167550 nan
0.167675 nan
0.167800 nan
0.167925 nan
0.168051 nan
0.168176 nan
0.168301 nan
0.168426 nan
0.168552 nan
0.168677 nan
0.168802 nan
0.168927 nan
0.169053 nan
0.169178 nan
0.169303 nan
0.169429 nan
0.169554 nan
0.169679 nan
0.169804 nan
0.169930 nan
0.170055 nan
0.170180 nan
0.170305 nan
0.170431 nan
0.170556 nan
0.170681 nan
0.170806 nan
0.170932 nan
0.171057 nan
0.171182 nan
0.171307 nan
0.171433 nan
0.171558 nan
0.171683 nan
0.171808 nan
0.171934 nan
0.172059 nan
0.172184 nan
0.172310 nan
0.172435 nan
0.172560 nan
0.172685 nan
0.172811 nan
0.172936 nan
0.173061 nan
0.173186 nan
0.173312 nan
0.173437 nan
0.173562 nan
0.173687 nan
0.173813 nan
0.173938 nan
