0.099409 nan
0.099515 nan
0.099621 nan
0.099727 nan
0.099833 nan
0.099939 0.001363
0.100045 nan
0.100151 nan
0.100257 nan
0.100363 nan
0.100469 nan
0.100575 nan
0.100681 nan
0.100787 nan
0.100893 nan
0.100999 nan
0.101105 nan
0.101211 nan
0.101317 nan
0.101422 nan
0.101528 nan
0.101634 nan
0.101740 nan
0.101846 nan
0.101952 nan
0.102058 nan
0.102164 nan
0.102270 nan
0.102376 nan
0.102482 nan
0.102588 nan
0.102694 nan
0.102800 nan
0.102906 nan
0.103012 nan
0.103118 nan
0.103224 nan
0.103330 nan
0.103436 nan
0.103542 nan
0.103648 nan
0.103754 nan
0.103860 nan
0.103966 nan
0.104072 nan
0.104178 nan
0.104284 nan
0.104390 nan
0.104496 nan
0.104602 nan
0.104708 nan
0.104814 nan
0.104920 nan
0.105026 nan
0.105132 nan
0.105238 nan
0.105344 nan
0.105450 nan
0.105556 nan
0.105662 nan
0.105768 nan
0.105874 nan
0.105980 nan
0.106086 nan
0.106192 nan
0.106298 nan
0.106404 nan
0.106510 nan
0.106616 nan
0.106722 nan
0.106828 nan
0.106934 nan
0.107040 nan
0.107146 nan
0.107252 nan
0.107358 nan
0.107464 nan
0.107570 nan
0.107676 nan
0.107782 nan
0.107887 nan
0.107993 nan
0.108099 nan
0.108205 nan
0.108311 nan
0.108417 nan
0.108523 nan
0.108629 nan
0.108735 nan
0.108841 nan
0.108947 nan
0.109053 nan
0.109159 nan
0.109265 nan
0.109371 nan
0.109477 nan
0.109583 nan
0.109689 nan
0.109795 nan
0.109901 nan
0.110007 nan
0.110113 nan
0.110219 nan
0.110325 nan
0.110431 nan
0.110537 nan
0.110643 nan
0.110749 nan
0.110855 nan
0.110961 nan
0.111067 nan
0.111173 nan
0.111279 nan
0.111385 nan
0.111491 nan
0.111597 nan
0.111703 nan
0.111809 nan
0.111915 nan
0.112021 nan
0.112127 nan
0.112233 nan
0.112339 nan
0.112445 nan
0.112551 nan
0.112657 nan
0.112763 nan
0.112869 nan
0.112975 nan
0.113081 nan
0.113187 nan
0.113293 nan
0.113399 nan
0.113505 nan
0.113611 nan
0.113717 nan
0.113823 nan
0.113929 nan
0.114035 nan
0.114141 nan
0.114247 nan
0.114352 nan
0.114458 nan
0.114564 nan
0.114670 nan
0.114776 nan
0.114882 nan
0.114988 nan
0.115094 nan
0.115200 nan
0.115306 nan
0.115412 nan
0.115518 nan
0.115624 nan
0.115730 nan
0.115836 nan
0.115942 nan
0.116048 nan
0.116154 nan
0.116260 nan
0.116366 nan
0.116472 nan
0.116578 nan
0.116684 nan
0.116790 nan
0.116896 nan
0.117002 nan
0.117108 nan
0.117214 nan
0.117320 nan
0.117426 nan
0.117532 nan
0.117638 nan
0.117744 nan
0.117850 nan
0.117956 nan
0.118062 nan
0.118168 nan
0.118274 nan
0.118380 nan
0.118486 nan
0.118592 nan
0.118698 nan
0.118804 nan
0.118910 nan
0.119016 nan
0.119122 nan
0.119228 nan
0.119334 nan
0.119440 nan
0.119546 nan
0.119652 nan
0.119758 nan
0.119864 nan
0.119970 nan
0.120076 nan
0.120182 nan
0.120288 nan
0.120394 nan
0.120500 nan
0.120606 nan
0.120711 nan
0.120817 nan
0.120923 nan
0.121029 nan
0.121135 nan
0.121241 nan
0.121347 nan
0.121453 nan
0.121559 nan
0.121665 nan
0.121771 nan
0.121877 nan
0.121983 nan
0.122089 nan
0.122195 nan
0.122301 nan
0.122407 nan
0.122513 nan
0.122619 nan
0.122725 nan
0.122831 nan
0.122937 nan
0.123043 nan
0.123149 nan
0.123255 nan
0.123361 nan
0.123467 nan
0.123573 nan
0.123679 nan
0.123785 nan
0.123891 nan
0.123997 nan
0.124103 nan
0.124209 nan
0.124315 nan
0.124421 nan
0.124527 nan
0.124633 nan
0.124739 nan
0.124845 nan
0.124951 nan
0.125057 nan
0.125163 nan
0.125269 nan
0.125375 nan
0.125481 nan
0.125587 nan
0.125693 nan
0.125799 nan
0.125905 nan
0.126011 nan
0.126117 nan
0.126223 nan
0.126329 nan
0.126435 nan
0.126541 nan
0.126647 nan
0.126753 nan
0.126859 nan
0.126965 nan
0.127071 nan
0.127176 nan
0.127282 nan
0.127388 nan
0.127494 nan
0.127600 nan
0.127706 nan
0.127812 nan
0.127918 nan
0.128024 nan
0.128130 nan
0.128236 nan
0.128342 nan
0.128448 nan
0.128554 nan
0.128660 nan
0.128766 nan
0.128872 nan
0.128978 nan
0.129084 nan
0.129190 nan
0.129296 nan
0.129402 nan
0.129508 nan
0.129614 nan
0.129720 nan
0.129826 nan
0.129932 nan
0.130038 nan
0.130144 nan
0.130250 nan
0.130356 nan
0.130462 nan
0.130568 nan
0.130674 nan
0.130780 nan
0.130886 nan
0.130992 nan
0.131098 nan
0.131204 nan
0.131310 nan
0.131416 nan
0.131522 nan
0.131628 nan
0.131734 nan
0.131840 nan
0.131946 nan
0.132052 nan
0.132158 nan
0.132264 nan
0.132370 nan
0.132476 nan
0.132582 nan
0.132688 nan
0.132794 nan
0.132900 nan
0.133006 nan
0.133112 nan
0.133218 nan
0.133324 nan
0.133430 nan
0.133536 nan
0.133641 nan
0.133747 nan
0.133853 nan
0.133959 nan
0.134065 nan
0.134171 nan
0.134277 nan
0.134383 nan
0.134489 nan
0.134595 nan
0.134701 nan
0.134807 nan
0.134913 nan
0.135019 nan
0.135125 nan
0.135231 nan
0.135337 nan
0.135443 nan
0.135549 nan
0.135655 nan
0.135761 nan
0.135867 nan
0.135973 nan
0.136079 nan
0.136185 nan
0.136291 nan
0.136397 nan
0.136503 nan
0.136609 nan
0.136715 nan
0.136821 nan
0.136927 nan
0.137033 nan
0.137139 nan
0.137245 nan
0.137351 nan
0.137457 nan
0.137563 nan
0.137669 nan
0.137775 nan
0.137881 nan
0.137987 nan
0.138093 nan
0.138199 nan
0.138305 nan
0.138411 nan
0.138517 nan
0.138623 nan
0.138729 nan
0.138835 nan
0.138941 nan
0.139047 nan
0.139153 nan
0.139259 nan
0.139365 nan
0.139471 nan
0.139577 nan
0.139683 nan
0.139789 nan
0.139895 nan
0.140001 nan
0.140106 nan
0.140212 nan
0.140318 nan
0.140424 nan
0.140530 nan
0.140636 nan
0.140742 nan
0.140848 nan
0.140954 nan
0.141060 nan
0.141166 nan
0.141272 nan
0.141378 nan
0.141484 nan
0.141590 nan
0.141696 nan
0.141802 nan
0.141908 nan
0.142014 nan
0.142120 nan
0.142226 nan
0.142332 nan
0.142438 nan
0.142544 nan
0.142650 nan
0.142756 nan
0.142862 nan
0.142968 nan
0.143074 nan
0.143180 nan
0.143286 nan
0.143392 nan
0.143498 nan
0.143604 nan
0.143710 nan
0.143816 nan
0.143922 nan
0.144028 nan
0.144134 nan
0.144240 nan
0.144346 nan
0.144452 nan
0.144558 nan
0.144664 nan
0.144770 nan
0.144876 nan
0.144982 nan
0.145088 nan
0.145194 nan
0.145300 nan
0.145406 nan
0.145512 nan
0.145618 nan
0.145724 nan
0.145830 nan
0.145936 nan
0.146042 nan
0.146148 nan
0.146254 nan
0.146360 nan
0.146466 nan
0.146571 nan
0.146677 nan
0.146783 nan
0.146889 nan
0.146995 nan
0.147101 nan
0.147207 nan
0.147313 nan
0.147419 nan
0.147525 nan
0.147631 nan
0.147737 nan
0.147843 nan
0.147949 nan
0.148055 nan
0.148161 nan
0.148267 nan
0.148373 nan
0.148479 nan
0.148585 nan
0.148691 nan
0.148797 nan
0.148903 nan
0.149009 nan
0.149115 nan
0.149221 nan
0.149327 nan
0.149433 nan
0.149539 nan
0.149645 nan
0.149751 nan
0.149857 nan
0.149963 nan
0.150069 nan
0.150175 nan
0.150281 nan
0.150387 nan
0.150493 nan
0.150599 nan
0.150705 nan
0.150811 nan
0.150917 nan
0.151023 nan
0.151129 nan
0.151235 nan
0.151341 nan
0.151447 nan
0.151553 nan
0.151659 nan
0.151765 nan
0.151871 nan
0.151977 nan
0.152083 nan
0.152189 nan
0.152295 nan
