0.106623 0.451358
0.106814 0.440840
0.107005 0.431745
0.107197 0.423591
0.107388 0.416119
0.107579 0.409171
0.107770 0.402640
0.107961 0.396455
0.108152 0.390559
0.108343 0.384910
0.108534 0.379478
0.108726 0.374235
0.108917 0.369161
0.109108 0.364238
0.109299 0.359450
0.109490 0.354787
0.109681 0.350237
0.109872 0.345791
0.110063 0.341440
0.110255 0.337178
0.110446 0.332998
0.110637 0.328895
0.110828 0.324864
0.111019 0.320900
0.111210 0.316999
0.111401 0.313158
0.111592 0.309373
0.111784 0.305642
0.111975 0.301960
0.112166 0.298327
0.112357 0.294739
0.112548 0.291194
0.112739 0.287690
0.112930 0.284226
0.113121 0.280799
0.113313 0.277408
0.113504 0.274052
0.113695 0.270729
0.113886 0.267438
0.114077 0.264176
0.114268 0.260944
0.114459 0.257741
0.114650 0.254564
0.114842 0.251414
0.115033 0.248288
0.115224 0.245187
0.115415 0.242109
0.115606 0.239053
0.115797 0.236020
0.115988 0.233008
0.116179 0.230016
0.116371 0.227043
0.116562 0.224091
0.116753 0.221156
0.116944 0.218239
0.117135 0.215340
0.117326 0.212458
0.117517 0.209591
0.117708 0.206741
0.117900 0.203906
0.118091 0.201086
0.118282 0.198281
0.118473 0.195489
0.118664 0.192712
0.118855 0.189947
0.119046 0.187196
0.119237 0.184457
0.119429 0.181730
0.119620 0.179015
0.119811 0.176312
0.120002 0.173620
0.120193 0.170938
0.120384 0.168268
0.120575 0.165608
0.120766 0.162957
0.120958 0.160317
0.121149 0.157687
0.121340 0.155065
0.121531 0.152452
0.121722 0.149849
0.121913 0.147253
0.122104 0.144667
0.122295 0.142088
0.122487 0.139517
0.122678 0.136954
0.122869 0.134398
0.123060 0.131850
0.123251 0.129308
0.123442 0.126774
0.123633 0.124246
0.123824 0.121725
0.124015 0.119210
0.124207 0.116702
0.124398 0.114199
0.124589 0.111703
0.124780 0.109211
0.124971 0.106726
0.125162 0.104246
0.125353 0.101771
0.125544 0.099301
0.125736 0.096836
0.125927 0.094376
0.126118 0.091921
0.126309 0.089470
0.126500 0.087024
0.126691 0.084582
0.126882 0.082144
0.127073 0.079710
0.127265 0.077280
0.127456 0.074854
0.127647 0.072431
0.127838 0.070012
0.128029 0.067596
0.128220 0.065184
0.128411 0.062775
0.128602 0.060370
0.128794 0.057966
0.128985 0.055566
0.129176 0.053169
0.129367 0.050774
0.129558 0.048383
0.129749 0.045993
0.129940 0.043606
0.130131 0.041222
0.130323 0.038839
0.130514 0.036460
0.130705 0.034082
0.130896 0.031705
0.131087 0.029332
0.131278 0.026960
0.131469 0.024590
0.131660 0.022222
0.131852 0.019857
0.132043 0.017494
0.132234 0.015134
0.132425 0.012777
0.132616 0.010426
0.132807 0.008083
0.132998 0.005757
0.133189 0.003479
0.133381 0.001426
0.133572 0.000402
0.133763 0.000187
0.133954 0.000120
0.134145 0.000088
0.134336 0.000070
0.134527 0.000057
0.134718 0.000050
0.134910 0.000043
0.135101 0.000039
0.135292 0.000034
0.135483 0.000031
0.135674 0.000029
0.135865 0.000027
0.136056 0.000025
0.136247 0.000023
0.136439 0.000022
0.136630 0.000021
0.136821 0.000020
0.137012 0.000019
0.137203 0.000018
0.137394 0.000018
0.137585 0.000016
0.137776 0.000016
0.137968 0.000015
0.138159 0.000015
0.138350 0.000014
0.138541 0.000014
0.138732 nan
0.138923 nan
0.139114 nan
0.139305 nan
0.139497 nan
0.139688 nan
0.139879 nan
0.140070 nan
0.140261 nan
0.140452 nan
0.140643 nan
0.140834 nan
0.141026 nan
0.141217 nan
0.141408 nan
0.141599 nan
0.141790 nan
0.141981 nan
0.142172 nan
0.142363 nan
0.142555 nan
0.142746 nan
0.142937 nan
0.143128 nan
0.143319 nan
0.143510 nan
0.143701 nan
0.143892 nan
0.144083 nan
0.144275 nan
0.144466 nan
0.144657 nan
0.144848 nan
0.145039 nan
0.145230 nan
0.145421 nan
0.145612 nan
0.145804 nan
0.145995 nan
0.146186 nan
0.146377 nan
0.146568 nan
0.146759 nan
0.146950 nan
0.147141 nan
0.147333 nan
0.147524 nan
0.147715 nan
0.147906 nan
0.148097 nan
0.148288 nan
0.148479 nan
0.148670 nan
0.148862 nan
0.149053 nan
0.149244 nan
0.149435 nan
0.149626 nan
0.149817 nan
0.150008 nan
0.150199 nan
0.150391 nan
0.150582 nan
0.150773 nan
0.150964 nan
0.151155 nan
0.151346 nan
0.151537 nan
0.151728 nan
0.151920 nan
0.152111 nan
0.152302 nan
0.152493 nan
0.152684 nan
0.152875 nan
0.153066 nan
0.153257 nan
0.153449 nan
0.153640 nan
0.153831 nan
0.154022 nan
0.154213 nan
0.154404 nan
0.154595 nan
0.154786 nan
0.154978 nan
0.155169 nan
0.155360 nan
0.155551 nan
0.155742 nan
0.155933 nan
0.156124 nan
0.156315 nan
0.156507 nan
0.156698 nan
0.156889 nan
0.157080 nan
0.157271 nan
0.157462 nan
0.157653 nan
0.157844 nan
0.158036 nan
0.158227 nan
0.158418 nan
0.158609 nan
0.158800 nan
0.158991 nan
0.159182 nan
0.159373 nan
0.159565 nan
0.159756 nan
0.159947 nan
0.160138 nan
0.160329 nan
0.160520 nan
0.160711 nan
0.160902 nan
0.161094 nan
0.161285 nan
0.161476 nan
0.161667 nan
0.161858 nan
0.162049 nan
0.162240 nan
0.162431 nan
0.162623 nan
0.162814 nan
0.163005 nan
0.163196 nan
0.163387 nan
0.163578 nan
0.163769 nan
0.163960 nan
0.164151 nan
0.164343 nan
0.164534 nan
0.164725 nan
0.164916 nan
0.165107 nan
0.165298 nan
0.165489 nan
0.165680 nan
0.165872 nan
0.166063 nan
0.166254 nan
0.166445 nan
0.166636 nan
0.166827 nan
0.167018 nan
0.167209 nan
0.167401 nan
0.167592 nan
0.167783 nan
0.167974 nan
0.168165 nan
0.168356 nan
0.168547 nan
0.168738 nan
0.168930 nan
0.169121 nan
0.169312 nan
0.169503 nan
0.169694 nan
0.169885 nan
0.170076 nan
0.170267 nan
0.170459 nan
0.170650 nan
0.170841 nan
0.171032 nan
0.171223 nan
0.171414 nan
0.171605 nan
0.171796 nan
0.171988 nan
0.172179 nan
0.172370 nan
0.172561 nan
0.172752 nan
0.172943 nan
0.173134 nan
0.173325 nan
0.173517 nan
0.173708 nan
0.173899 nan
0.174090 nan
0.174281 nan
0.174472 nan
0.174663 nan
0.174854 nan
0.175046 nan
0.175237 nan
0.175428 nan
0.175619 nan
0.175810 nan
0.176001 nan
0.176192 nan
0.176383 nan
0.176575 nan
0.176766 nan
0.176957 nan
0.177148 nan
0.177339 nan
0.177530 nan
0.177721 nan
0.177912 nan
0.178104 nan
0.178295 nan
0.178486 nan
0.178677 nan
0.178868 nan
0.179059 nan
0.179250 nan
0.179441 nan
0.179633 nan
0.179824 nan
0.180015 nan
0.180206 nan
0.180397 nan
0.180588 nan
0.180779 nan
0.180970 nan
0.181162 nan
0.181353 nan
0.181544 nan
0.181735 nan
0.181926 nan
0.182117 nan
0.182308 nan
0.182499 nan
0.182691 nan
0.182882 nan
0.183073 nan
0.183264 nan
0.183455 nan
0.183646 nan
0.183837 nan
0.184028 nan
0.184219 nan
0.184411 nan
0.184602 nan
0.184793 nan
0.184984 nan
0.185175 nan
0.185366 nan
0.185557 nan
0.185748 nan
0.185940 nan
0.186131 nan
0.186322 nan
0.186513 nan
0.186704 nan
0.186895 nan
0.187086 nan
0.187277 nan
0.187469 nan
0.187660 nan
0.187851 nan
0.188042 nan
0.188233 nan
0.188424 nan
0.188615 nan
0.188806 nan
0.188998 nan
0.189189 nan
0.189380 nan
0.189571 nan
0.189762 nan
0.189953 nan
0.190144 nan
0.190335 nan
0.190527 nan
0.190718 nan
0.190909 nan
0.191100 nan
0.191291 nan
0.191482 nan
0.191673 nan
0.191864 nan
0.192056 nan
0.192247 nan
0.192438 nan
0.192629 nan
0.192820 nan
0.193011 nan
0.193202 nan
0.193393 nan
0.193585 nan
0.193776 nan
0.193967 nan
0.194158 nan
0.194349 nan
0.194540 nan
0.194731 nan
0.194922 nan
0.195114 nan
0.195305 nan
0.195496 nan
0.195687 nan
0.195878 nan
0.196069 nan
0.196260 nan
0.196451 nan
0.196643 nan
0.196834 nan
0.197025 nan
0.197216 nan
0.197407 nan
0.197598 nan
0.197789 nan
0.197980 nan
0.198172 nan
0.198363 nan
0.198554 nan
0.198745 nan
0.198936 nan
0.199127 nan
0.199318 nan
0.199509 nan
0.199701 nan
0.199892 nan
0.200083 nan
0.200274 nan
0.200465 nan
0.200656 nan
0.200847 nan
0.201038 nan
0.201230 nan
0.201421 nan
0.201612 nan
0.201803 nan
0.201994 nan
