0.134679 0.000082
0.134838 0.000078
0.134997 0.000076
0.135156 0.000073
0.135315 0.000070
0.135474 0.000067
0.135633 0.000065
0.135792 0.000063
0.135951 0.000061
0.136110 0.000059
0.136269 0.000058
0.136428 0.000056
0.136587 0.000054
0.136746 0.000053
0.136905 0.000051
0.137064 0.000051
0.137223 0.000049
0.137382 0.000048
0.137541 0.000047
0.137700 0.000047
0.137859 0.000045
0.138018 0.000044
0.138177 0.000044
0.138336 0.000043
0.138495 0.000042
0.138654 0.000041
0.138813 0.000040
0.138972 0.000040
0.139131 0.000040
0.139290 0.000039
0.139449 0.000038
0.139608 0.000038
0.139767 0.000037
0.139926 0.000036
0.140085 0.000036
0.140244 0.000036
0.140403 0.000035
0.140562 0.000035
0.140721 0.000034
0.140880 0.000033
0.141039 0.000034
0.141198 0.000033
0.141357 0.000033
0.141516 0.000032
0.141675 0.000032
0.141834 0.000032
0.141993 0.000032
0.142152 0.000031
0.142311 0.000031
0.142470 0.000030
0.142629 0.000030
0.142788 0.000030
0.142947 0.000030
0.143106 nan
0.143265 nan
0.143424 nan
0.143583 nan
0.143742 nan
0.143901 nan
0.144060 nan
0.144219 nan
0.144378 nan
0.144537 nan
0.144696 nan
0.144855 nan
0.145014 nan
0.145173 nan
0.145332 nan
0.145491 nan
0.145650 nan
0.145809 nan
0.145968 nan
0.146127 nan
0.146286 nan
0.146445 nan
0.146604 nan
0.146763 nan
0.146922 nan
0.147081 nan
0.147240 nan
0.147399 nan
0.147558 nan
0.147717 nan
0.147876 nan
0.148035 nan
0.148194 nan
0.148353 nan
0.148512 nan
0.148671 nan
0.148830 nan
0.148989 nan
0.149148 nan
0.149307 nan
0.149466 nan
0.149625 nan
0.149784 nan
0.149943 nan
0.150102 nan
0.150261 nan
0.150420 nan
0.150579 nan
0.150738 nan
0.150897 nan
0.151056 nan
0.151215 nan
0.151374 nan
0.151533 nan
0.151692 nan
0.151851 nan
0.152010 nan
0.152169 nan
0.152328 nan
0.152487 nan
0.152646 nan
0.152805 nan
0.152964 nan
0.153123 nan
0.153282 nan
0.153441 nan
0.153600 nan
0.153759 nan
0.153918 nan
0.154077 nan
0.154236 nan
0.154395 nan
0.154554 nan
0.154713 nan
0.154872 nan
0.155031 nan
0.155190 nan
0.155349 nan
0.155508 nan
0.155667 nan
0.155826 nan
0.155985 nan
0.156144 nan
0.156303 nan
0.156462 nan
0.156621 nan
0.156780 nan
0.156939 nan
0.157098 nan
0.157257 nan
0.157416 nan
0.157575 nan
0.157734 nan
0.157893 nan
0.158052 nan
0.158211 nan
0.158370 nan
0.158529 nan
0.158688 nan
0.158847 nan
0.159006 nan
0.159165 nan
0.159324 nan
0.159483 nan
0.159642 nan
0.159801 nan
0.159960 nan
0.160119 nan
0.160278 nan
0.160437 nan
0.160596 nan
0.160755 nan
0.160914 nan
0.161073 nan
0.161232 nan
0.161391 nan
0.161550 nan
0.161709 nan
0.161868 nan
0.162027 nan
0.162186 nan
0.162345 nan
0.162504 nan
0.162663 nan
0.162822 nan
0.162981 nan
0.163140 nan
0.163299 nan
0.163458 nan
0.163617 nan
0.163776 nan
0.163934 nan
0.164093 nan
0.164252 nan
0.164411 nan
0.164570 nan
0.164729 nan
0.164888 nan
0.165047 nan
0.165206 nan
0.165365 nan
0.165524 nan
0.165683 nan
0.165842 nan
0.166001 nan
0.166160 nan
0.166319 nan
0.166478 nan
0.166637 nan
0.166796 nan
0.166955 nan
0.167114 nan
0.167273 nan
0.167432 nan
0.167591 nan
0.167750 nan
0.167909 nan
0.168068 nan
0.168227 nan
0.168386 nan
0.168545 nan
0.168704 nan
0.168863 nan
0.169022 nan
0.169181 nan
0.169340 nan
0.169499 nan
0.169658 nan
0.169817 nan
0.169976 nan
0.170135 nan
0.170294 nan
0.170453 nan
0.170612 nan
0.170771 nan
0.170930 nan
0.171089 nan
0.171248 nan
0.171407 nan
0.171566 nan
0.171725 nan
0.171884 nan
0.172043 nan
0.172202 nan
0.172361 nan
0.172520 nan
0.172679 nan
0.172838 nan
0.172997 nan
0.173156 nan
0.173315 nan
0.173474 nan
0.173633 nan
0.173792 nan
0.173951 nan
0.174110 nan
0.174269 nan
0.174428 nan
0.174587 nan
0.174746 nan
0.174905 nan
0.175064 nan
0.175223 nan
0.175382 nan
0.175541 nan
0.175700 nan
0.175859 nan
0.176018 nan
0.176177 nan
0.176336 nan
0.176495 nan
0.176654 nan
0.176813 nan
0.176972 nan
0.177131 nan
0.177290 nan
0.177449 nan
0.177608 nan
0.177767 nan
0.177926 nan
0.178085 nan
0.178244 nan
0.178403 nan
0.178562 nan
0.178721 nan
0.178880 nan
0.179039 nan
0.179198 nan
0.179357 nan
0.179516 nan
0.179675 nan
0.179834 nan
0.179993 nan
0.180152 nan
0.180311 nan
0.180470 nan
0.180629 nan
0.180788 nan
0.180947 nan
0.181106 nan
0.181265 nan
0.181424 nan
0.181583 nan
0.181742 nan
0.181901 nan
0.182060 nan
0.182219 nan
0.182378 nan
0.182537 nan
0.182696 nan
0.182855 nan
0.183014 nan
0.183173 nan
0.183332 nan
0.183491 nan
0.183650 nan
0.183809 nan
0.183968 nan
0.184127 nan
0.184286 nan
0.184445 nan
0.184604 nan
0.184763 nan
0.184922 nan
0.185081 nan
0.185240 nan
0.185399 nan
0.185558 nan
0.185717 nan
0.185876 nan
0.186035 nan
0.186194 nan
0.186353 nan
0.186512 nan
0.186671 nan
0.186830 nan
0.186989 nan
0.187148 nan
0.187307 nan
0.187466 nan
0.187625 nan
0.187784 nan
0.187943 nan
0.188102 nan
0.188261 nan
0.188420 nan
0.188579 nan
0.188738 nan
0.188897 nan
0.189056 nan
0.189215 nan
0.189374 nan
0.189533 nan
0.189692 nan
0.189851 nan
0.190010 nan
0.190169 nan
0.190328 nan
0.190487 nan
0.190646 nan
0.190805 nan
0.190964 nan
0.191123 nan
0.191282 nan
0.191441 nan
0.191600 nan
0.191759 nan
0.191918 nan
0.192077 nan
0.192236 nan
0.192395 nan
0.192554 nan
0.192713 nan
0.192872 nan
0.193031 nan
0.193190 nan
0.193349 nan
0.193508 nan
0.193667 nan
0.193826 nan
0.193985 nan
0.194144 nan
0.194303 nan
0.194462 nan
0.194621 nan
0.194780 nan
0.194939 nan
0.195098 nan
0.195257 nan
0.195416 nan
0.195575 nan
0.195734 nan
0.195893 nan
0.196052 nan
0.196211 nan
0.196370 nan
0.196529 nan
0.196688 nan
0.196847 nan
0.197006 nan
0.197165 nan
0.197324 nan
0.197483 nan
0.197642 nan
0.197801 nan
0.197960 nan
0.198119 nan
0.198278 nan
0.198437 nan
0.198595 nan
0.198754 nan
0.198913 nan
0.199072 nan
0.199231 nan
0.199390 nan
0.199549 nan
0.199708 nan
0.199867 nan
0.200026 nan
0.200185 nan
0.200344 nan
0.200503 nan
0.200662 nan
0.200821 nan
0.200980 nan
0.201139 nan
0.201298 nan
0.201457 nan
0.201616 nan
0.201775 nan
0.201934 nan
0.202093 nan
0.202252 nan
0.202411 nan
0.202570 nan
0.202729 nan
0.202888 nan
0.203047 nan
0.203206 nan
0.203365 nan
0.203524 nan
0.203683 nan
0.203842 nan
0.204001 nan
0.204160 nan
0.204319 nan
0.204478 nan
0.204637 nan
0.204796 nan
0.204955 nan
0.205114 nan
0.205273 nan
0.205432 nan
0.205591 nan
0.205750 nan
0.205909 nan
0.206068 nan
0.206227 nan
0.206386 nan
0.206545 nan
0.206704 nan
0.206863 nan
0.207022 nan
0.207181 nan
0.207340 nan
0.207499 nan
0.207658 nan
0.207817 nan
0.207976 nan
0.208135 nan
0.208294 nan
0.208453 nan
0.208612 nan
0.208771 nan
0.208930 nan
0.209089 nan
0.209248 nan
0.209407 nan
0.209566 nan
0.209725 nan
0.209884 nan
0.210043 nan
0.210202 nan
0.210361 nan
0.210520 nan
0.210679 nan
0.210838 nan
0.210997 nan
0.211156 nan
0.211315 nan
0.211474 nan
0.211633 nan
0.211792 nan
0.211951 nan
0.212110 nan
0.212269 nan
0.212428 nan
0.212587 nan
0.212746 nan
0.212905 nan
0.213064 nan
0.213223 nan
0.213382 nan
0.213541 nan
0.213700 nan
0.213859 nan
0.214018 nan
