0.127465 nan
0.127558 nan
0.127651 nan
0.127744 nan
0.127837 nan
0.127931 nan
0.128024 nan
0.128117 nan
0.128210 0.001544
0.128303 nan
0.128396 nan
0.128489 nan
0.128582 nan
0.128676 nan
0.128769 nan
0.128862 nan
0.128955 nan
0.129048 nan
0.129141 nan
0.129234 nan
0.129328 nan
0.129421 nan
0.129514 nan
0.129607 nan
0.129700 nan
0.129793 nan
0.129886 nan
0.129979 nan
0.130073 nan
0.130166 nan
0.130259 nan
0.130352 nan
0.130445 nan
0.130538 nan
0.130631 nan
0.130725 nan
0.130818 nan
0.130911 nan
0.131004 nan
0.131097 nan
0.131190 nan
0.131283 nan
0.131376 nan
0.131470 nan
0.131563 nan
0.131656 nan
0.131749 nan
0.131842 nan
0.131935 nan
0.132028 nan
0.132122 nan
0.132215 nan
0.132308 nan
0.132401 nan
0.132494 nan
0.132587 nan
0.132680 nan
0.132773 nan
0.132867 nan
0.132960 nan
0.133053 nan
0.133146 nan
0.133239 nan
0.133332 nan
0.133425 nan
0.133519 nan
0.133612 nan
0.133705 nan
0.133798 nan
0.133891 nan
0.133984 nan
0.134077 nan
0.134170 nan
0.134264 nan
0.134357 nan
0.134450 nan
0.134543 nan
0.134636 nan
0.134729 nan
0.134822 nan
0.134915 nan
0.135009 nan
0.135102 nan
0.135195 nan
0.135288 nan
0.135381 nan
0.135474 nan
0.135567 nan
0.135661 nan
0.135754 nan
0.135847 nan
0.135940 nan
0.136033 nan
0.136126 nan
0.136219 nan
0.136312 nan
0.136406 nan
0.136499 nan
0.136592 nan
0.136685 nan
0.136778 nan
0.136871 nan
0.136964 nan
0.137058 nan
0.137151 nan
0.137244 nan
0.137337 nan
0.137430 nan
0.137523 nan
0.137616 nan
0.137709 nan
0.137803 nan
0.137896 nan
0.137989 nan
0.138082 nan
0.138175 nan
0.138268 nan
0.138361 nan
0.138455 nan
0.138548 nan
0.138641 nan
0.138734 nan
0.138827 nan
0.138920 nan
0.139013 nan
0.139106 nan
0.139200 nan
0.139293 nan
0.139386 nan
0.139479 nan
0.139572 nan
0.139665 nan
0.139758 nan
0.139851 nan
0.139945 nan
0.140038 nan
0.140131 nan
0.140224 nan
0.140317 nan
0.140410 nan
0.140503 nan
0.140597 nan
0.140690 nan
0.140783 nan
0.140876 nan
0.140969 nan
0.141062 nan
0.141155 nan
0.141248 nan
0.141342 nan
0.141435 nan
0.141528 nan
0.141621 nan
0.141714 nan
0.141807 nan
0.141900 nan
0.141994 nan
0.142087 nan
0.142180 nan
0.142273 nan
0.142366 nan
0.142459 nan
0.142552 nan
0.142645 nan
0.142739 nan
0.142832 nan
0.142925 nan
0.143018 nan
0.143111 nan
0.143204 nan
0.143297 nan
0.143391 nan
0.143484 nan
0.143577 nan
0.143670 nan
0.143763 nan
0.143856 nan
0.143949 nan
0.144042 nan
0.144136 nan
0.144229 nan
0.144322 nan
0.144415 nan
0.144508 nan
0.144601 nan
0.144694 nan
0.144788 nan
0.144881 nan
0.144974 nan
0.145067 nan
0.145160 nan
0.145253 nan
0.145346 nan
0.145439 nan
0.145533 nan
0.145626 nan
0.145719 nan
0.145812 nan
0.145905 nan
0.145998 nan
0.146091 nan
0.146184 nan
0.146278 nan
0.146371 nan
0.146464 nan
0.146557 nan
0.146650 nan
0.146743 nan
0.146836 nan
0.146930 nan
0.147023 nan
0.147116 nan
0.147209 nan
0.147302 nan
0.147395 nan
0.147488 nan
0.147581 nan
0.147675 nan
0.147768 nan
0.147861 nan
0.147954 nan
0.148047 nan
0.148140 nan
0.148233 nan
0.148327 nan
0.148420 nan
0.148513 nan
0.148606 nan
0.148699 nan
0.148792 nan
0.148885 nan
0.148978 nan
0.149072 nan
0.149165 nan
0.149258 nan
0.149351 nan
0.149444 nan
0.149537 nan
0.149630 nan
0.149724 nan
0.149817 nan
0.149910 nan
0.150003 nan
0.150096 nan
0.150189 nan
0.150282 nan
0.150375 nan
0.150469 nan
0.150562 nan
0.150655 nan
0.150748 nan
0.150841 nan
0.150934 nan
0.151027 nan
0.151120 nan
0.151214 nan
0.151307 nan
0.151400 nan
0.151493 nan
0.151586 nan
0.151679 nan
0.151772 nan
0.151866 nan
0.151959 nan
0.152052 nan
0.152145 nan
0.152238 nan
0.152331 nan
0.152424 nan
0.152517 nan
0.152611 nan
0.152704 nan
0.152797 nan
0.152890 nan
0.152983 nan
0.153076 nan
0.153169 nan
0.153263 nan
0.153356 nan
0.153449 nan
0.153542 nan
0.153635 nan
0.153728 nan
0.153821 nan
0.153914 nan
0.154008 nan
0.154101 nan
0.154194 nan
0.154287 nan
0.154380 nan
0.154473 nan
0.154566 nan
0.154660 nan
0.154753 nan
0.154846 nan
0.154939 nan
0.155032 nan
0.155125 nan
0.155218 nan
0.155311 nan
0.155405 nan
0.155498 nan
0.155591 nan
0.155684 nan
0.155777 nan
0.155870 nan
0.155963 nan
0.156057 nan
0.156150 nan
0.156243 nan
0.156336 nan
0.156429 nan
0.156522 nan
0.156615 nan
0.156708 nan
0.156802 nan
0.156895 nan
0.156988 nan
0.157081 nan
0.157174 nan
0.157267 nan
0.157360 nan
0.157453 nan
0.157547 nan
0.157640 nan
0.157733 nan
0.157826 nan
0.157919 nan
0.158012 nan
0.158105 nan
0.158199 nan
0.158292 nan
0.158385 nan
0.158478 nan
0.158571 nan
0.158664 nan
0.158757 nan
0.158850 nan
0.158944 nan
0.159037 nan
0.159130 nan
0.159223 nan
0.159316 nan
0.159409 nan
0.159502 nan
0.159596 nan
0.159689 nan
0.159782 nan
0.159875 nan
0.159968 nan
0.160061 nan
0.160154 nan
0.160247 nan
0.160341 nan
0.160434 nan
0.160527 nan
0.160620 nan
0.160713 nan
0.160806 nan
0.160899 nan
0.160993 nan
0.161086 nan
0.161179 nan
0.161272 nan
0.161365 nan
0.161458 nan
0.161551 nan
0.161644 nan
0.161738 nan
0.161831 nan
0.161924 nan
0.162017 nan
0.162110 nan
0.162203 nan
0.162296 nan
0.162389 nan
0.162483 nan
0.162576 nan
0.162669 nan
0.162762 nan
0.162855 nan
0.162948 nan
0.163041 nan
0.163135 nan
0.163228 nan
0.163321 nan
0.163414 nan
0.163507 nan
0.163600 nan
0.163693 nan
0.163786 nan
0.163880 nan
0.163973 nan
0.164066 nan
0.164159 nan
0.164252 nan
0.164345 nan
0.164438 nan
0.164532 nan
0.164625 nan
0.164718 nan
0.164811 nan
0.164904 nan
0.164997 nan
0.165090 nan
0.165183 nan
0.165277 nan
0.165370 nan
0.165463 nan
0.165556 nan
0.165649 nan
0.165742 nan
0.165835 nan
0.165929 nan
0.166022 nan
0.166115 nan
0.166208 nan
0.166301 nan
0.166394 nan
0.166487 nan
0.166580 nan
0.166674 nan
0.166767 nan
0.166860 nan
0.166953 nan
0.167046 nan
0.167139 nan
0.167232 nan
0.167326 nan
0.167419 nan
0.167512 nan
0.167605 nan
0.167698 nan
0.167791 nan
0.167884 nan
0.167977 nan
0.168071 nan
0.168164 nan
0.168257 nan
0.168350 nan
0.168443 nan
0.168536 nan
0.168629 nan
0.168722 nan
0.168816 nan
0.168909 nan
0.169002 nan
0.169095 nan
0.169188 nan
0.169281 nan
0.169374 nan
0.169468 nan
0.169561 nan
0.169654 nan
0.169747 nan
0.169840 nan
0.169933 nan
0.170026 nan
0.170119 nan
0.170213 nan
0.170306 nan
0.170399 nan
0.170492 nan
0.170585 nan
0.170678 nan
0.170771 nan
0.170865 nan
0.170958 nan
0.171051 nan
0.171144 nan
0.171237 nan
0.171330 nan
0.171423 nan
0.171516 nan
0.171610 nan
0.171703 nan
0.171796 nan
0.171889 nan
0.171982 nan
0.172075 nan
0.172168 nan
0.172262 nan
0.172355 nan
0.172448 nan
0.172541 nan
0.172634 nan
0.172727 nan
0.172820 nan
0.172913 nan
0.173007 nan
0.173100 nan
0.173193 nan
0.173286 nan
0.173379 nan
0.173472 nan
0.173565 nan
0.173658 nan
0.173752 nan
0.173845 nan
0.173938 nan
