0.086583 0.343562
0.086715 0.335158
0.086847 0.327299
0.086978 0.319883
0.087110 0.312836
0.087242 0.306100
0.087373 0.299633
0.087505 0.293403
0.087637 0.287379
0.087768 0.281541
0.087900 0.275870
0.088032 0.270350
0.088163 0.264967
0.088295 0.259710
0.088427 0.254568
0.088558 0.249533
0.088690 0.244598
0.088822 0.239754
0.088953 0.234997
0.089085 0.230320
0.089217 0.225719
0.089349 0.221189
0.089480 0.216726
0.089612 0.212327
0.089744 0.207988
0.089875 0.203706
0.090007 0.199477
0.090139 0.195300
0.090270 0.191173
0.090402 0.187092
0.090534 0.183056
0.090665 0.179062
0.090797 0.175109
0.090929 0.171196
0.091060 0.167320
0.091192 0.163480
0.091324 0.159675
0.091456 0.155904
0.091587 0.152164
0.091719 0.148455
0.091851 0.144777
0.091982 0.141127
0.092114 0.137505
0.092246 0.133910
0.092377 0.130341
0.092509 0.126796
0.092641 0.123276
0.092772 0.119780
0.092904 0.116306
0.093036 0.112855
0.093167 0.109425
0.093299 0.106016
0.093431 0.102627
0.093563 0.099257
0.093694 0.095906
0.093826 0.092574
0.093958 0.089260
0.094089 0.085963
0.094221 0.082682
0.094353 0.079419
0.094484 0.076171
0.094616 0.072939
0.094748 0.069722
0.094879 0.066520
0.095011 0.063332
0.095143 0.060158
0.095274 0.056998
0.095406 0.053852
0.095538 0.050718
0.095670 0.047597
0.095801 0.044488
0.095933 0.041391
0.096065 0.038306
0.096196 0.035232
0.096328 0.032170
0.096460 0.029119
0.096591 0.026080
0.096723 0.023050
0.096855 0.020032
0.096986 0.017025
0.097118 0.014028
0.097250 0.011045
0.097381 0.008079
0.097513 0.005140
0.097645 0.002299
0.097776 0.000406
0.097908 0.000133
0.098040 0.000077
0.098172 0.000054
0.098303 0.000042
0.098435 0.000035
0.098567 0.000029
0.098698 0.000025
0.098830 0.000022
0.098962 0.000020
0.099093 0.000019
0.099225 0.000017
0.099357 0.000016
0.099488 0.000015
0.099620 0.000014
0.099752 0.000013
0.099883 nan
0.100015 nan
0.100147 nan
0.100279 nan
0.100410 nan
0.100542 nan
0.100674 nan
0.100805 nan
0.100937 nan
0.101069 nan
0.101200 nan
0.101332 nan
0.101464 nan
0.101595 nan
0.101727 nan
0.101859 nan
0.101990 nan
0.102122 nan
0.102254 nan
0.102386 nan
0.102517 nan
0.102649 nan
0.102781 nan
0.102912 nan
0.103044 nan
0.103176 nan
0.103307 nan
0.103439 nan
0.103571 nan
0.103702 nan
0.103834 nan
0.103966 nan
0.104097 nan
0.104229 nan
0.104361 nan
0.104492 nan
0.104624 nan
0.104756 nan
0.104888 nan
0.105019 nan
0.105151 nan
0.105283 nan
0.105414 nan
0.105546 nan
0.105678 nan
0.105809 nan
0.105941 nan
0.106073 nan
0.106204 nan
0.106336 nan
0.106468 nan
0.106599 nan
0.106731 nan
0.106863 nan
0.106995 nan
0.107126 nan
0.107258 nan
0.107390 nan
0.107521 nan
0.107653 nan
0.107785 nan
0.107916 nan
0.108048 nan
0.108180 nan
0.108311 nan
0.108443 nan
0.108575 nan
0.108706 nan
0.108838 nan
0.108970 nan
0.109102 nan
0.109233 nan
0.109365 nan
0.109497 nan
0.109628 nan
0.109760 nan
0.109892 nan
0.110023 nan
0.110155 nan
0.110287 nan
0.110418 nan
0.110550 nan
0.110682 nan
0.110813 nan
0.110945 nan
0.111077 nan
0.111208 nan
0.111340 nan
0.111472 nan
0.111604 nan
0.111735 nan
0.111867 nan
0.111999 nan
0.112130 nan
0.112262 nan
0.112394 nan
0.112525 nan
0.112657 nan
0.112789 nan
0.112920 nan
0.113052 nan
0.113184 nan
0.113315 nan
0.113447 nan
0.113579 nan
0.113711 nan
0.113842 nan
0.113974 nan
0.114106 nan
0.114237 nan
0.114369 nan
0.114501 nan
0.114632 nan
0.114764 nan
0.114896 nan
0.115027 nan
0.115159 nan
0.115291 nan
0.115422 nan
0.115554 nan
0.115686 nan
0.115818 nan
0.115949 nan
0.116081 nan
0.116213 nan
0.116344 nan
0.116476 nan
0.116608 nan
0.116739 nan
0.116871 nan
0.117003 nan
0.117134 nan
0.117266 nan
0.117398 nan
0.117529 nan
0.117661 nan
0.117793 nan
0.117924 nan
0.118056 nan
0.118188 nan
0.118320 nan
0.118451 nan
0.118583 nan
0.118715 nan
0.118846 nan
0.118978 nan
0.119110 nan
0.119241 nan
0.119373 nan
0.119505 nan
0.119636 nan
0.119768 nan
0.119900 nan
0.120031 nan
0.120163 nan
0.120295 nan
0.120427 nan
0.120558 nan
0.120690 nan
0.120822 nan
0.120953 nan
0.121085 nan
0.121217 nan
0.121348 nan
0.121480 nan
0.121612 nan
0.121743 nan
0.121875 nan
0.122007 nan
0.122138 nan
0.122270 nan
0.122402 nan
0.122534 nan
0.122665 nan
0.122797 nan
0.122929 nan
0.123060 nan
0.123192 nan
0.123324 nan
0.123455 nan
0.123587 nan
0.123719 nan
0.123850 nan
0.123982 nan
0.124114 nan
0.124245 nan
0.124377 nan
0.124509 nan
0.124640 nan
0.124772 nan
0.124904 nan
0.125036 nan
0.125167 nan
0.125299 nan
0.125431 nan
0.125562 nan
0.125694 nan
0.125826 nan
0.125957 nan
0.126089 nan
0.126221 nan
0.126352 nan
0.126484 nan
0.126616 nan
0.126747 nan
0.126879 nan
0.127011 nan
0.127143 nan
0.127274 nan
0.127406 nan
0.127538 nan
0.127669 nan
0.127801 nan
0.127933 nan
0.128064 nan
0.128196 nan
0.128328 nan
0.128459 nan
0.128591 nan
0.128723 nan
0.128854 nan
0.128986 nan
0.129118 nan
0.129250 nan
0.129381 nan
0.129513 nan
0.129645 nan
0.129776 nan
0.129908 nan
0.130040 nan
0.130171 nan
0.130303 nan
0.130435 nan
0.130566 nan
0.130698 nan
0.130830 nan
0.130961 nan
0.131093 nan
0.131225 nan
0.131356 nan
0.131488 nan
0.131620 nan
0.131752 nan
0.131883 nan
0.132015 nan
0.132147 nan
0.132278 nan
0.132410 nan
0.132542 nan
0.132673 nan
0.132805 nan
0.132937 nan
0.133068 nan
0.133200 nan
0.133332 nan
0.133463 nan
0.133595 nan
0.133727 nan
0.133859 nan
0.133990 nan
0.134122 nan
0.134254 nan
0.134385 nan
0.134517 nan
0.134649 nan
0.134780 nan
0.134912 nan
0.135044 nan
0.135175 nan
0.135307 nan
0.135439 nan
0.135570 nan
0.135702 nan
0.135834 nan
0.135966 nan
0.136097 nan
0.136229 nan
0.136361 nan
0.136492 nan
0.136624 nan
0.136756 nan
0.136887 nan
0.137019 nan
0.137151 nan
0.137282 nan
0.137414 nan
0.137546 nan
0.137677 nan
0.137809 nan
0.137941 nan
0.138072 nan
0.138204 nan
0.138336 nan
0.138468 nan
0.138599 nan
0.138731 nan
0.138863 nan
0.138994 nan
0.139126 nan
0.139258 nan
0.139389 nan
0.139521 nan
0.139653 nan
0.139784 nan
0.139916 nan
0.140048 nan
0.140179 nan
0.140311 nan
0.140443 nan
0.140575 nan
0.140706 nan
0.140838 nan
0.140970 nan
0.141101 nan
0.141233 nan
0.141365 nan
0.141496 nan
0.141628 nan
0.141760 nan
0.141891 nan
0.142023 nan
0.142155 nan
0.142286 nan
0.142418 nan
0.142550 nan
0.142682 nan
0.142813 nan
0.142945 nan
0.143077 nan
0.143208 nan
0.143340 nan
0.143472 nan
0.143603 nan
0.143735 nan
0.143867 nan
0.143998 nan
0.144130 nan
0.144262 nan
0.144393 nan
0.144525 nan
0.144657 nan
0.144788 nan
0.144920 nan
0.145052 nan
0.145184 nan
0.145315 nan
0.145447 nan
0.145579 nan
0.145710 nan
0.145842 nan
0.145974 nan
0.146105 nan
0.146237 nan
0.146369 nan
0.146500 nan
0.146632 nan
0.146764 nan
0.146895 nan
0.147027 nan
0.147159 nan
0.147291 nan
0.147422 nan
0.147554 nan
0.147686 nan
0.147817 nan
0.147949 nan
0.148081 nan
0.148212 nan
0.148344 nan
0.148476 nan
0.148607 nan
0.148739 nan
0.148871 nan
0.149002 nan
0.149134 nan
0.149266 nan
0.149398 nan
0.149529 nan
0.149661 nan
0.149793 nan
0.149924 nan
0.150056 nan
0.150188 nan
0.150319 nan
0.150451 nan
0.150583 nan
0.150714 nan
0.150846 nan
0.150978 nan
0.151109 nan
0.151241 nan
0.151373 nan
0.151504 nan
0.151636 nan
0.151768 nan
0.151900 nan
0.152031 nan
0.152163 nan
0.152295 nan
