0.146703 nan
0.146805 nan
0.146906 nan
0.147007 nan
0.147108 nan
0.147209 nan
0.147310 nan
0.147412 nan
0.147513 nan
0.147614 nan
0.147715 nan
0.147816 nan
0.147917 nan
0.148019 nan
0.148120 nan
0.148221 nan
0.148322 nan
0.148423 nan
0.148524 nan
0.148626 nan
0.148727 nan
0.148828 nan
0.148929 nan
0.149030 nan
0.149131 nan
0.149232 nan
0.149334 nan
0.149435 nan
0.149536 nan
0.149637 nan
0.149738 nan
0.149839 nan
0.149941 nan
0.150042 nan
0.150143 nan
0.150244 nan
0.150345 nan
0.150446 nan
0.150548 nan
0.150649 nan
0.150750 nan
0.150851 nan
0.150952 nan
0.151053 nan
0.151155 nan
0.151256 nan
0.151357 nan
0.151458 nan
0.151559 nan
0.151660 nan
0.151762 nan
0.151863 nan
0.151964 nan
0.152065 nan
0.152166 nan
0.152267 nan
0.152369 nan
0.152470 nan
0.152571 nan
0.152672 nan
0.152773 nan
0.152874 nan
0.152976 nan
0.153077 nan
0.153178 nan
0.153279 nan
0.153380 nan
0.153481 nan
0.153583 nan
0.153684 nan
0.153785 nan
0.153886 nan
0.153987 nan
0.154088 nan
0.154190 nan
0.154291 nan
0.154392 nan
0.154493 nan
0.154594 nan
0.154695 nan
0.154797 nan
0.154898 nan
0.154999 nan
0.155100 nan
0.155201 nan
0.155302 nan
0.155404 nan
0.155505 nan
0.155606 nan
0.155707 nan
0.155808 nan
0.155909 nan
0.156011 nan
0.156112 nan
0.156213 nan
0.156314 nan
0.156415 nan
0.156516 nan
0.156617 nan
0.156719 nan
0.156820 nan
0.156921 nan
0.157022 nan
0.157123 nan
0.157224 nan
0.157326 nan
0.157427 nan
0.157528 nan
0.157629 nan
0.157730 nan
0.157831 nan
0.157933 nan
0.158034 nan
0.158135 nan
0.158236 nan
0.158337 nan
0.158438 nan
0.158540 nan
0.158641 nan
0.158742 nan
0.158843 nan
0.158944 nan
0.159045 nan
0.159147 nan
0.159248 nan
0.159349 nan
0.159450 nan
0.159551 nan
0.159652 nan
0.159754 nan
0.159855 nan
0.159956 nan
0.160057 nan
0.160158 nan
0.160259 nan
0.160361 nan
0.160462 nan
0.160563 nan
0.160664 nan
0.160765 nan
0.160866 nan
0.160968 nan
0.161069 nan
0.161170 nan
0.161271 nan
0.161372 nan
0.161473 nan
0.161575 nan
0.161676 nan
0.161777 nan
0.161878 nan
0.161979 nan
0.162080 nan
0.162182 nan
0.162283 nan
0.162384 nan
0.162485 nan
0.162586 nan
0.162687 nan
0.162789 nan
0.162890 nan
0.162991 nan
0.163092 nan
0.163193 nan
0.163294 nan
0.163396 nan
0.163497 nan
0.163598 nan
0.163699 nan
0.163800 nan
0.163901 nan
0.164002 nan
0.164104 nan
0.164205 nan
0.164306 nan
0.164407 nan
0.164508 nan
0.164609 nan
0.164711 nan
0.164812 nan
0.164913 nan
0.165014 nan
0.165115 nan
0.165216 nan
0.165318 nan
0.165419 nan
0.165520 nan
0.165621 nan
0.165722 nan
0.165823 nan
0.165925 nan
0.166026 nan
0.166127 nan
0.166228 nan
0.166329 nan
0.166430 nan
0.166532 nan
0.166633 nan
0.166734 nan
0.166835 nan
0.166936 nan
0.167037 nan
0.167139 nan
0.167240 nan
0.167341 nan
0.167442 nan
0.167543 nan
0.167644 nan
0.167746 nan
0.167847 nan
0.167948 nan
0.168049 nan
0.168150 nan
0.168251 nan
0.168353 nan
0.168454 nan
0.168555 nan
0.168656 nan
0.168757 nan
0.168858 nan
0.168960 nan
0.169061 nan
0.169162 nan
0.169263 nan
0.169364 nan
0.169465 nan
0.169567 nan
0.169668 nan
0.169769 nan
0.169870 nan
0.169971 nan
0.170072 nan
0.170174 nan
0.170275 nan
0.170376 nan
0.170477 nan
0.170578 nan
0.170679 nan
0.170780 nan
0.170882 nan
0.170983 nan
0.171084 nan
0.171185 nan
0.171286 nan
0.171387 nan
0.171489 nan
0.171590 nan
0.171691 nan
0.171792 nan
0.171893 nan
0.171994 nan
0.172096 nan
0.172197 nan
0.172298 nan
0.172399 nan
0.172500 nan
0.172601 nan
0.172703 nan
0.172804 nan
0.172905 nan
0.173006 nan
0.173107 nan
0.173208 nan
0.173310 nan
0.173411 nan
0.173512 nan
0.173613 nan
0.173714 nan
0.173815 nan
0.173917 nan
0.174018 nan
0.174119 nan
0.174220 nan
0.174321 nan
0.174422 nan
0.174524 nan
0.174625 nan
0.174726 nan
0.174827 nan
0.174928 nan
0.175029 nan
0.175131 nan
0.175232 nan
0.175333 nan
0.175434 nan
0.175535 nan
0.175636 nan
0.175738 nan
0.175839 nan
0.175940 nan
0.176041 nan
0.176142 nan
0.176243 nan
0.176345 nan
0.176446 nan
0.176547 nan
0.176648 nan
0.176749 nan
0.176850 nan
0.176952 nan
0.177053 nan
0.177154 nan
0.177255 nan
0.177356 nan
0.177457 nan
0.177559 nan
0.177660 nan
0.177761 nan
0.177862 nan
0.177963 nan
0.178064 nan
0.178165 nan
0.178267 nan
0.178368 nan
0.178469 nan
0.178570 nan
0.178671 nan
0.178772 nan
0.178874 nan
0.178975 nan
0.179076 nan
0.179177 nan
0.179278 nan
0.179379 nan
0.179481 nan
0.179582 nan
0.179683 nan
0.179784 nan
0.179885 nan
0.179986 nan
0.180088 nan
0.180189 nan
0.180290 nan
0.180391 nan
0.180492 nan
0.180593 nan
0.180695 nan
0.180796 nan
0.180897 nan
0.180998 nan
0.181099 nan
0.181200 nan
0.181302 nan
0.181403 nan
0.181504 nan
0.181605 nan
0.181706 nan
0.181807 nan
0.181909 nan
0.182010 nan
0.182111 nan
0.182212 nan
0.182313 nan
0.182414 nan
0.182516 nan
0.182617 nan
0.182718 nan
0.182819 nan
0.182920 nan
0.183021 nan
0.183123 nan
0.183224 nan
0.183325 nan
0.183426 nan
0.183527 nan
0.183628 nan
0.183730 nan
0.183831 nan
0.183932 nan
0.184033 nan
0.184134 nan
0.184235 nan
0.184337 nan
0.184438 nan
0.184539 nan
0.184640 nan
0.184741 nan
0.184842 nan
0.184944 nan
0.185045 nan
0.185146 nan
0.185247 nan
0.185348 nan
0.185449 nan
0.185550 nan
0.185652 nan
0.185753 nan
0.185854 nan
0.185955 nan
0.186056 nan
0.186157 nan
0.186259 nan
0.186360 nan
0.186461 nan
0.186562 nan
0.186663 nan
0.186764 nan
0.186866 nan
0.186967 nan
0.187068 nan
0.187169 nan
0.187270 nan
0.187371 nan
0.187473 nan
0.187574 nan
0.187675 nan
0.187776 nan
0.187877 nan
0.187978 nan
0.188080 nan
0.188181 nan
0.188282 nan
0.188383 nan
0.188484 nan
0.188585 nan
0.188687 nan
0.188788 nan
0.188889 nan
0.188990 nan
0.189091 nan
0.189192 nan
0.189294 nan
0.189395 nan
0.189496 nan
0.189597 nan
0.189698 nan
0.189799 nan
0.189901 nan
0.190002 nan
0.190103 nan
0.190204 nan
0.190305 nan
0.190406 nan
0.190508 nan
0.190609 nan
0.190710 nan
0.190811 nan
0.190912 nan
0.191013 nan
0.191115 nan
0.191216 nan
0.191317 nan
0.191418 nan
0.191519 nan
0.191620 nan
0.191722 nan
0.191823 nan
0.191924 nan
0.192025 nan
0.192126 nan
0.192227 nan
0.192329 nan
0.192430 nan
0.192531 nan
0.192632 nan
0.192733 nan
0.192834 nan
0.192935 nan
0.193037 nan
0.193138 nan
0.193239 nan
0.193340 nan
0.193441 nan
0.193542 nan
0.193644 nan
0.193745 nan
0.193846 nan
0.193947 nan
0.194048 nan
0.194149 nan
0.194251 nan
0.194352 nan
0.194453 nan
0.194554 nan
0.194655 nan
0.194756 nan
0.194858 nan
0.194959 nan
0.195060 nan
0.195161 nan
0.195262 nan
0.195363 nan
0.195465 nan
0.195566 nan
0.195667 nan
0.195768 nan
0.195869 nan
0.195970 nan
0.196072 nan
0.196173 nan
0.196274 nan
0.196375 nan
0.196476 nan
0.196577 nan
0.196679 nan
0.196780 nan
0.196881 nan
0.196982 nan
0.197083 nan
0.197184 nan
