0.108226 0.000094
0.108358 0.000083
0.108490 0.000074
0.108621 0.000067
0.108753 0.000062
0.108885 0.000058
0.109017 0.000054
0.109148 0.000050
0.109280 0.000047
0.109412 0.000045
0.109543 0.000042
0.109675 0.000040
0.109807 0.000038
0.109938 0.000037
0.110070 0.000035
0.110202 0.000034
0.110333 0.000033
0.110465 0.000031
0.110597 0.000030
0.110728 0.000029
0.110860 0.000028
0.110992 0.000028
0.111124 0.000027
0.111255 0.000026
0.111387 0.000025
0.111519 0.000025
0.111650 nan
0.111782 nan
0.111914 nan
0.112045 nan
0.112177 nan
0.112309 nan
0.112440 nan
0.112572 nan
0.112704 nan
0.112835 nan
0.112967 nan
0.113099 nan
0.113231 nan
0.113362 nan
0.113494 nan
0.113626 nan
0.113757 nan
0.113889 nan
0.114021 nan
0.114152 nan
0.114284 nan
0.114416 nan
0.114547 nan
0.114679 nan
0.114811 nan
0.114942 nan
0.115074 nan
0.115206 nan
0.115337 nan
0.115469 nan
0.115601 nan
0.115733 nan
0.115864 nan
0.115996 nan
0.116128 nan
0.116259 nan
0.116391 nan
0.116523 nan
0.116654 nan
0.116786 nan
0.116918 nan
0.117049 nan
0.117181 nan
0.117313 nan
0.117444 nan
0.117576 nan
0.117708 nan
0.117840 nan
0.117971 nan
0.118103 nan
0.118235 nan
0.118366 nan
0.118498 nan
0.118630 nan
0.118761 nan
0.118893 nan
0.119025 nan
0.119156 nan
0.119288 nan
0.119420 nan
0.119551 nan
0.119683 nan
0.119815 nan
0.119947 nan
0.120078 nan
0.120210 nan
0.120342 nan
0.120473 nan
0.120605 nan
0.120737 nan
0.120868 nan
0.121000 nan
0.121132 nan
0.121263 nan
0.121395 nan
0.121527 nan
0.121658 nan
0.121790 nan
0.121922 nan
0.122053 nan
0.122185 nan
0.122317 nan
0.122449 nan
0.122580 nan
0.122712 nan
0.122844 nan
0.122975 nan
0.123107 nan
0.123239 nan
0.123370 nan
0.123502 nan
0.123634 nan
0.123765 nan
0.123897 nan
0.124029 nan
0.124160 nan
0.124292 nan
0.124424 nan
0.124556 nan
0.124687 nan
0.124819 nan
0.124951 nan
0.125082 nan
0.125214 nan
0.125346 nan
0.125477 nan
0.125609 nan
0.125741 nan
0.125872 nan
0.126004 nan
0.126136 nan
0.126267 nan
0.126399 nan
0.126531 nan
0.126663 nan
0.126794 nan
0.126926 nan
0.127058 nan
0.127189 nan
0.127321 nan
0.127453 nan
0.127584 nan
0.127716 nan
0.127848 nan
0.127979 nan
0.128111 nan
0.128243 nan
0.128374 nan
0.128506 nan
0.128638 nan
0.128769 nan
0.128901 nan
0.129033 nan
0.129165 nan
0.129296 nan
0.129428 nan
0.129560 nan
0.129691 nan
0.129823 nan
0.129955 nan
0.130086 nan
0.130218 nan
0.130350 nan
0.130481 nan
0.130613 nan
0.130745 nan
0.130876 nan
0.131008 nan
0.131140 nan
0.131272 nan
0.131403 nan
0.131535 nan
0.131667 nan
0.131798 nan
0.131930 nan
0.132062 nan
0.132193 nan
0.132325 nan
0.132457 nan
0.132588 nan
0.132720 nan
0.132852 nan
0.132983 nan
0.133115 nan
0.133247 nan
0.133379 nan
0.133510 nan
0.133642 nan
0.133774 nan
0.133905 nan
0.134037 nan
0.134169 nan
0.134300 nan
0.134432 nan
0.134564 nan
0.134695 nan
0.134827 nan
0.134959 nan
0.135090 nan
0.135222 nan
0.135354 nan
0.135485 nan
0.135617 nan
0.135749 nan
0.135881 nan
0.136012 nan
0.136144 nan
0.136276 nan
0.136407 nan
0.136539 nan
0.136671 nan
0.136802 nan
0.136934 nan
0.137066 nan
0.137197 nan
0.137329 nan
0.137461 nan
0.137592 nan
0.137724 nan
0.137856 nan
0.137988 nan
0.138119 nan
0.138251 nan
0.138383 nan
0.138514 nan
0.138646 nan
0.138778 nan
0.138909 nan
0.139041 nan
0.139173 nan
0.139304 nan
0.139436 nan
0.139568 nan
0.139699 nan
0.139831 nan
0.139963 nan
0.140095 nan
0.140226 nan
0.140358 nan
0.140490 nan
0.140621 nan
0.140753 nan
0.140885 nan
0.141016 nan
0.141148 nan
0.141280 nan
0.141411 nan
0.141543 nan
0.141675 nan
0.141806 nan
0.141938 nan
0.142070 nan
0.142201 nan
0.142333 nan
0.142465 nan
0.142597 nan
0.142728 nan
0.142860 nan
0.142992 nan
0.143123 nan
0.143255 nan
0.143387 nan
0.143518 nan
0.143650 nan
0.143782 nan
0.143913 nan
0.144045 nan
0.144177 nan
0.144308 nan
0.144440 nan
0.144572 nan
0.144704 nan
0.144835 nan
0.144967 nan
0.145099 nan
0.145230 nan
0.145362 nan
0.145494 nan
0.145625 nan
0.145757 nan
0.145889 nan
0.146020 nan
0.146152 nan
0.146284 nan
0.146415 nan
0.146547 nan
0.146679 nan
0.146811 nan
0.146942 nan
0.147074 nan
0.147206 nan
0.147337 nan
0.147469 nan
0.147601 nan
0.147732 nan
0.147864 nan
0.147996 nan
0.148127 nan
0.148259 nan
0.148391 nan
0.148522 nan
0.148654 nan
0.148786 nan
0.148917 nan
0.149049 nan
0.149181 nan
0.149313 nan
0.149444 nan
0.149576 nan
0.149708 nan
0.149839 nan
0.149971 nan
0.150103 nan
0.150234 nan
0.150366 nan
0.150498 nan
0.150629 nan
0.150761 nan
0.150893 nan
0.151024 nan
0.151156 nan
0.151288 nan
0.151420 nan
0.151551 nan
0.151683 nan
0.151815 nan
0.151946 nan
0.152078 nan
0.152210 nan
0.152341 nan
0.152473 nan
0.152605 nan
0.152736 nan
0.152868 nan
0.153000 nan
0.153131 nan
0.153263 nan
0.153395 nan
0.153527 nan
0.153658 nan
0.153790 nan
0.153922 nan
0.154053 nan
0.154185 nan
0.154317 nan
0.154448 nan
0.154580 nan
0.154712 nan
0.154843 nan
0.154975 nan
0.155107 nan
0.155238 nan
0.155370 nan
0.155502 nan
0.155634 nan
0.155765 nan
0.155897 nan
0.156029 nan
0.156160 nan
0.156292 nan
0.156424 nan
0.156555 nan
0.156687 nan
0.156819 nan
0.156950 nan
0.157082 nan
0.157214 nan
0.157345 nan
0.157477 nan
0.157609 nan
0.157740 nan
0.157872 nan
0.158004 nan
0.158136 nan
0.158267 nan
0.158399 nan
0.158531 nan
0.158662 nan
0.158794 nan
0.158926 nan
0.159057 nan
0.159189 nan
0.159321 nan
0.159452 nan
0.159584 nan
0.159716 nan
0.159847 nan
0.159979 nan
0.160111 nan
0.160243 nan
0.160374 nan
0.160506 nan
0.160638 nan
0.160769 nan
0.160901 nan
0.161033 nan
0.161164 nan
0.161296 nan
0.161428 nan
0.161559 nan
0.161691 nan
0.161823 nan
0.161954 nan
0.162086 nan
0.162218 nan
0.162350 nan
0.162481 nan
0.162613 nan
0.162745 nan
0.162876 nan
0.163008 nan
0.163140 nan
0.163271 nan
0.163403 nan
0.163535 nan
0.163666 nan
0.163798 nan
0.163930 nan
0.164061 nan
0.164193 nan
0.164325 nan
0.164456 nan
0.164588 nan
0.164720 nan
0.164852 nan
0.164983 nan
0.165115 nan
0.165247 nan
0.165378 nan
0.165510 nan
0.165642 nan
0.165773 nan
0.165905 nan
0.166037 nan
0.166168 nan
0.166300 nan
0.166432 nan
0.166563 nan
0.166695 nan
0.166827 nan
0.166959 nan
0.167090 nan
0.167222 nan
0.167354 nan
0.167485 nan
0.167617 nan
0.167749 nan
0.167880 nan
0.168012 nan
0.168144 nan
0.168275 nan
0.168407 nan
0.168539 nan
0.168670 nan
0.168802 nan
0.168934 nan
0.169066 nan
0.169197 nan
0.169329 nan
0.169461 nan
0.169592 nan
0.169724 nan
0.169856 nan
0.169987 nan
0.170119 nan
0.170251 nan
0.170382 nan
0.170514 nan
0.170646 nan
0.170777 nan
0.170909 nan
0.171041 nan
0.171172 nan
0.171304 nan
0.171436 nan
0.171568 nan
0.171699 nan
0.171831 nan
0.171963 nan
0.172094 nan
0.172226 nan
0.172358 nan
0.172489 nan
0.172621 nan
0.172753 nan
0.172884 nan
0.173016 nan
0.173148 nan
0.173279 nan
0.173411 nan
0.173543 nan
0.173675 nan
0.173806 nan
0.173938 nan
