0.400000 0.857239
0.399198 0.856663
0.398397 0.856083
0.397595 0.855500
0.396794 0.854913
0.395992 0.854323
0.395190 0.853729
0.394389 0.853132
0.393587 0.852531
0.392786 0.851927
0.391984 0.851319
0.391182 0.850708
0.390381 0.850093
0.389579 0.849474
0.388778 0.848851
0.387976 0.848225
0.387174 0.847595
0.386373 0.846961
0.385571 0.846323
0.384770 0.845682
0.383968 0.845036
0.383166 0.844387
0.382365 0.843734
0.381563 0.843076
0.380762 0.842415
0.379960 0.841750
0.379158 0.841080
0.378357 0.840407
0.377555 0.839728
0.376754 0.839046
0.375952 0.838360
0.375150 0.837670
0.374349 0.836976
0.373547 0.836277
0.372745 0.835574
0.371944 0.834867
0.371142 0.834155
0.370341 0.833439
0.369539 0.832718
0.368737 0.831993
0.367936 0.831263
0.367134 0.830529
0.366333 0.829790
0.365531 0.829046
0.364729 0.828298
0.363928 0.827545
0.363126 0.826787
0.362325 0.826025
0.361523 0.825257
0.360721 0.824485
0.359920 0.823708
0.359118 0.822926
0.358317 0.822139
0.357515 0.821347
0.356713 0.820549
0.355912 0.819747
0.355110 0.818940
0.354309 0.818127
0.353507 0.817309
0.352705 0.816486
0.351904 0.815657
0.351102 0.814824
0.350301 0.813984
0.349499 0.813140
0.348697 0.812289
0.347896 0.811433
0.347094 0.810572
0.346293 0.809705
0.345491 0.808832
0.344689 0.807954
0.343888 0.807069
0.343086 0.806179
0.342285 0.805283
0.341483 0.804381
0.340681 0.803473
0.339880 0.802559
0.339078 0.801639
0.338277 0.800713
0.337475 0.799781
0.336673 0.798842
0.335872 0.797897
0.335070 0.796946
0.334269 0.795988
0.333467 0.795024
0.332665 0.794053
0.331864 0.793076
0.331062 0.792092
0.330261 0.791102
0.329459 0.790104
0.328657 0.789100
0.327856 0.788089
0.327054 0.787071
0.326253 0.786046
0.325451 0.785014
0.324649 0.783975
0.323848 0.782929
0.323046 0.781875
0.322244 0.780814
0.321443 0.779746
0.320641 0.778670
0.319840 0.777587
0.319038 0.776496
0.318236 0.775398
0.317435 0.774292
0.316633 0.773178
0.315832 0.772056
0.315030 0.770927
0.314228 0.769789
0.313427 0.768641
0.312625 0.767487
0.311824 0.766325
0.311022 0.765154
0.310220 0.763976
0.309419 0.762788
0.308617 0.761593
0.307816 0.760388
0.307014 0.759175
0.306212 0.757953
0.305411 0.756723
0.304609 0.755483
0.303808 0.754234
0.303006 0.752977
0.302204 0.751710
0.301403 0.750434
0.300601 0.749148
0.299800 0.747853
0.298998 0.746549
0.298196 0.745235
0.297395 0.743911
0.296593 0.742577
0.295792 0.741234
0.294990 0.739880
0.294188 0.738516
0.293387 0.737143
0.292585 0.735758
0.291784 0.734364
0.290982 0.732959
0.290180 0.731543
0.289379 0.730117
0.288577 0.728680
0.287776 0.727232
0.286974 0.725772
0.286172 0.724302
0.285371 0.722821
0.284569 0.721328
0.283768 0.719824
0.282966 0.718308
0.282164 0.716780
0.281363 0.715241
0.280561 0.713689
0.279760 0.712126
0.278958 0.710550
0.278156 0.708963
0.277355 0.707362
0.276553 0.705749
0.275752 0.704124
0.274950 0.702486
0.274148 0.700830
0.273347 0.699166
0.272545 0.697488
0.271743 0.695797
0.270942 0.694092
0.270140 0.692374
0.269339 0.690642
0.268537 0.688896
0.267735 0.687136
0.266934 0.685362
0.266132 0.683573
0.265331 0.681770
0.264529 0.679953
0.263727 0.678120
0.262926 0.676273
0.262124 0.674410
0.261323 0.672532
0.260521 0.670638
0.259719 0.668729
0.258918 0.666804
0.258116 0.664863
0.257315 0.662906
0.256513 0.660933
0.255711 0.658943
0.254910 0.656936
0.254108 0.654913
0.253307 0.652872
0.252505 0.650810
0.251703 0.648734
0.250902 0.646641
0.250100 0.644530
0.249299 0.642401
0.248497 0.640254
0.247695 0.638088
0.246894 0.635904
0.246092 0.633701
0.245291 0.631479
0.244489 0.629237
0.243687 0.626976
0.242886 0.624695
0.242084 0.622394
0.241283 0.620073
0.240481 0.617732
0.239679 0.615369
0.238878 0.612986
0.238076 0.610582
0.237275 0.608156
0.236473 0.605704
0.235671 0.603235
0.234870 0.600743
0.234068 0.598229
0.233267 0.595692
0.232465 0.593132
0.231663 0.590549
0.230862 0.587943
0.230060 0.585312
0.229259 0.582658
0.228457 0.579979
0.227655 0.577275
0.226854 0.574546
0.226052 0.571792
0.225251 0.569013
0.224449 0.566207
0.223647 0.563370
0.222846 0.560511
0.222044 0.557626
0.221242 0.554713
0.220441 0.551773
0.219639 0.548804
0.218838 0.545808
0.218036 0.542782
0.217234 0.539728
0.216433 0.536644
0.215631 0.533531
0.214830 0.530387
0.214028 0.527207
0.213226 0.524002
0.212425 0.520765
0.211623 0.517497
0.210822 0.514196
0.210020 0.510863
0.209218 0.507496
0.208417 0.504097
0.207615 0.500663
0.206814 0.497195
0.206012 0.493686
0.205210 0.490148
0.204409 0.486574
0.203607 0.482964
0.202806 0.479317
0.202004 0.475633
0.201202 0.471911
0.200401 0.468151
0.199599 0.464345
0.198798 0.460507
0.197996 0.456628
0.197194 0.452709
0.196393 0.448750
0.195591 0.444748
0.194790 0.440705
0.193988 0.436612
0.193186 0.432482
0.192385 0.428309
0.191583 0.424090
0.190782 0.419827
0.189980 0.415511
0.189178 0.411155
0.188377 0.406751
0.187575 0.402300
0.186774 0.397801
0.185972 0.393245
0.185170 0.388645
0.184369 0.383995
0.183567 0.379293
0.182766 0.374540
0.181964 0.369725
0.181162 0.364864
0.180361 0.359949
0.179559 0.354970
0.178758 0.349942
0.177956 0.344857
0.177154 0.339714
0.176353 0.334505
0.175551 0.329242
0.174749 0.323920
0.173948 0.318527
0.173146 0.313079
0.172345 0.307561
0.171543 0.301984
0.170741 0.296342
0.169940 0.290626
0.169138 0.284849
0.168337 0.278995
0.167535 0.273080
0.166733 0.267085
0.165932 0.261025
0.165130 0.254884
0.164329 0.248669
0.163527 0.242385
0.162725 0.236016
0.161924 0.229569
0.161122 0.223050
0.160321 0.216442
0.159519 0.209751
0.158717 0.202977
0.157916 0.196118
0.157114 0.189172
0.156313 0.182139
0.155511 0.175007
0.154709 0.167793
0.153908 0.160479
0.153106 0.153079
0.152305 0.145576
0.151503 0.137977
0.150701 0.130280
0.149900 0.122475
0.149098 0.114570
0.148297 0.106563
0.147495 0.098446
0.146693 0.090226
0.145892 0.081895
0.145090 0.073454
0.144289 0.064905
0.143487 0.056244
0.142685 0.047481
0.141884 0.038617
0.141082 0.029662
0.140281 0.020693
0.139479 0.011917
0.138677 0.004534
0.137876 0.001526
0.137074 0.000805
0.136273 0.000535
0.135471 0.000397
0.134669 0.000309
0.133868 0.000256
0.133066 0.000215
0.132265 0.000185
0.131463 0.000165
0.130661 0.000145
0.129860 0.000135
0.129058 0.000116
0.128257 0.000107
0.127455 0.000097
0.126653 0.000088
0.125852 0.000080
0.125050 0.000071
0.124248 0.000063
0.123447 0.000056
0.122645 0.000049
0.121844 0.000043
0.121042 0.000037
0.120240 0.000032
0.119439 0.000027
0.118637 0.000023
0.117836 0.000019
0.117034 0.000016
0.116232 0.000013
0.115431 0.000011
0.114629 0.000009
0.113828 0.000007
0.113026 0.000006
0.112224 0.000005
0.111423 0.000004
0.110621 0.000003
0.109820 0.000002
0.109018 0.000002
0.108216 0.000001
0.107415 0.000001
0.106613 0.000001
0.105812 0.000001
0.105010 0.000000
0.104208 0.000000
0.103407 0.000000
0.102605 0.000000
0.101804 0.000000
0.101002 0.000000
0.100200 0.000000
0.099399 0.000000
0.098597 0.000000
0.097796 0.000000
0.096994 0.000000
0.096192 0.000000
0.095391 0.000000
0.094589 0.000000
0.093788 0.000000
0.092986 0.000000
0.092184 0.000000
0.091383 0.000000
0.090581 0.000000
0.089780 0.000000
0.088978 0.000000
0.088176 0.000000
0.087375 0.000000
0.086573 0.000000
0.085772 0.000000
0.084970 0.000000
0.084168 0.000000
0.083367 0.000000
0.082565 0.000000
0.081764 0.000000
0.080962 0.000000
0.080160 0.000000
0.079359 0.000000
0.078557 0.000000
0.077756 0.000000
0.076954 0.000000
0.076152 0.000000
0.075351 0.000000
0.074549 0.000000
0.073747 0.000000
0.072946 0.000000
0.072144 0.000000
0.071343 0.000000
0.070541 0.000000
0.069739 0.000000
0.068938 0.000000
0.068136 0.000000
0.067335 0.000000
0.066533 0.000000
0.065731 0.000000
0.064930 0.000000
0.064128 0.000000
0.063327 0.000000
0.062525 0.000000
0.061723 0.000000
0.060922 0.000000
0.060120 0.000000
0.059319 0.000000
0.058517 0.000000
0.057715 0.000000
0.056914 0.000000
0.056112 0.000000
0.055311 0.000000
0.054509 0.000000
0.053707 0.000000
0.052906 0.000000
0.052104 0.000000
0.051303 0.000000
0.050501 0.000000
0.049699 0.000000
0.048898 0.000000
0.048096 0.000000
0.047295 0.000000
0.046493 0.000000
0.045691 0.000000
0.044890 0.000000
0.044088 0.000000
0.043287 0.000000
0.042485 0.000000
0.041683 0.000000
0.040882 0.000000
0.040080 0.000000
0.039279 0.000000
0.038477 0.000000
0.037675 0.000000
0.036874 0.000000
0.036072 0.000000
0.035271 0.000000
0.034469 0.000000
0.033667 0.000000
0.032866 0.000000
0.032064 0.000000
0.031263 0.000000
0.030461 0.000000
0.029659 0.000000
0.028858 0.000000
0.028056 0.000000
0.027255 0.000000
0.026453 0.000000
0.025651 0.000000
0.024850 0.000000
0.024048 0.000000
0.023246 0.000000
0.022445 0.000000
0.021643 0.000000
0.020842 0.000000
0.020040 0.000000
0.019238 0.000000
0.018437 0.000000
0.017635 0.000000
0.016834 0.000000
0.016032 0.000000
0.015230 0.000000
0.014429 0.000000
0.013627 0.000000
0.012826 0.000000
0.012024 0.000000
0.011222 0.000000
0.010421 0.000000
0.009619 0.000000
0.008818 0.000000
0.008016 0.000000
0.007214 0.000000
0.006413 0.000000
0.005611 0.000000
0.004810 0.000000
0.004008 0.000000
0.003206 0.000000
0.002405 0.000000
0.001603 0.000000
0.000802 0.000000
0.000000 0.000000
