0.400000 0.857238
0.399198 0.856662
0.398397 0.856082
0.397595 0.855499
0.396794 0.854912
0.395992 0.854322
0.395190 0.853728
0.394389 0.853131
0.393587 0.852530
0.392786 0.851926
0.391984 0.851318
0.391182 0.850707
0.390381 0.850091
0.389579 0.849473
0.388778 0.848850
0.387976 0.848224
0.387174 0.847594
0.386373 0.846960
0.385571 0.846322
0.384770 0.845680
0.383968 0.845035
0.383166 0.844386
0.382365 0.843732
0.381563 0.843075
0.380762 0.842414
0.379960 0.841748
0.379158 0.841079
0.378357 0.840405
0.377555 0.839728
0.376754 0.839046
0.375952 0.838360
0.375150 0.837670
0.374349 0.836975
0.373547 0.836277
0.372745 0.835574
0.371944 0.834866
0.371142 0.834154
0.370341 0.833438
0.369539 0.832717
0.368737 0.831992
0.367936 0.831262
0.367134 0.830528
0.366333 0.829789
0.365531 0.829046
0.364729 0.828297
0.363928 0.827544
0.363126 0.826787
0.362325 0.826024
0.361523 0.825257
0.360721 0.824484
0.359920 0.823707
0.359118 0.822925
0.358317 0.822138
0.357515 0.821346
0.356713 0.820549
0.355912 0.819746
0.355110 0.818939
0.354309 0.818126
0.353507 0.817308
0.352705 0.816485
0.351904 0.815657
0.351102 0.814823
0.350301 0.813983
0.349499 0.813139
0.348697 0.812288
0.347896 0.811433
0.347094 0.810571
0.346293 0.809704
0.345491 0.808831
0.344689 0.807953
0.343888 0.807068
0.343086 0.806178
0.342285 0.805282
0.341483 0.804380
0.340681 0.803472
0.339880 0.802558
0.339078 0.801638
0.338277 0.800712
0.337475 0.799779
0.336673 0.798841
0.335872 0.797896
0.335070 0.796944
0.334269 0.795987
0.333467 0.795022
0.332665 0.794052
0.331864 0.793074
0.331062 0.792090
0.330261 0.791100
0.329459 0.790102
0.328657 0.789098
0.327856 0.788087
0.327054 0.787069
0.326253 0.786044
0.325451 0.785012
0.324649 0.783973
0.323848 0.782926
0.323046 0.781873
0.322244 0.780812
0.321443 0.779744
0.320641 0.778668
0.319840 0.777585
0.319038 0.776494
0.318236 0.775395
0.317435 0.774289
0.316633 0.773175
0.315832 0.772053
0.315030 0.770924
0.314228 0.769786
0.313427 0.768640
0.312625 0.767486
0.311824 0.766324
0.311022 0.765154
0.310220 0.763975
0.309419 0.762788
0.308617 0.761592
0.307816 0.760388
0.307014 0.759175
0.306212 0.757953
0.305411 0.756722
0.304609 0.755482
0.303808 0.754234
0.303006 0.752976
0.302204 0.751709
0.301403 0.750433
0.300601 0.749148
0.299800 0.747853
0.298998 0.746548
0.298196 0.745234
0.297395 0.743910
0.296593 0.742577
0.295792 0.741233
0.294990 0.739880
0.294188 0.738516
0.293387 0.737142
0.292585 0.735758
0.291784 0.734364
0.290982 0.732959
0.290180 0.731543
0.289379 0.730117
0.288577 0.728680
0.287776 0.727232
0.286974 0.725770
0.286172 0.724300
0.285371 0.722818
0.284569 0.721326
0.283768 0.719821
0.282966 0.718305
0.282164 0.716778
0.281363 0.715238
0.280561 0.713687
0.279760 0.712124
0.278958 0.710548
0.278156 0.708960
0.277355 0.707360
0.276553 0.705747
0.275752 0.704121
0.274950 0.702483
0.274148 0.700832
0.273347 0.699167
0.272545 0.697490
0.271743 0.695799
0.270942 0.694095
0.270140 0.692377
0.269339 0.690645
0.268537 0.688899
0.267735 0.687139
0.266934 0.685361
0.266132 0.683573
0.265331 0.681770
0.264529 0.679952
0.263727 0.678120
0.262926 0.676272
0.262124 0.674409
0.261323 0.672532
0.260521 0.670638
0.259719 0.668729
0.258918 0.666804
0.258116 0.664864
0.257315 0.662907
0.256513 0.660934
0.255711 0.658944
0.254910 0.656933
0.254108 0.654909
0.253307 0.652869
0.252505 0.650811
0.251703 0.648735
0.250902 0.646643
0.250100 0.644532
0.249299 0.642403
0.248497 0.640256
0.247695 0.638091
0.246894 0.635907
0.246092 0.633704
0.245291 0.631477
0.244489 0.629236
0.243687 0.626974
0.242886 0.624694
0.242084 0.622393
0.241283 0.620072
0.240481 0.617731
0.239679 0.615369
0.238878 0.612986
0.238076 0.610582
0.237275 0.608156
0.236473 0.605704
0.235671 0.603235
0.234870 0.600743
0.234068 0.598230
0.233267 0.595693
0.232465 0.593133
0.231663 0.590551
0.230862 0.587945
0.230060 0.585314
0.229259 0.582655
0.228457 0.579976
0.227655 0.577273
0.226854 0.574544
0.226052 0.571790
0.225251 0.569011
0.224449 0.566206
0.223647 0.563374
0.222846 0.560516
0.222044 0.557625
0.221242 0.554713
0.220441 0.551773
0.219639 0.548805
0.218838 0.545808
0.218036 0.542784
0.217234 0.539730
0.216433 0.536641
0.215631 0.533527
0.214830 0.530384
0.214028 0.527210
0.213226 0.524005
0.212425 0.520769
0.211623 0.517495
0.210822 0.514195
0.210020 0.510862
0.209218 0.507496
0.208417 0.504097
0.207615 0.500664
0.206814 0.497190
0.206012 0.493687
0.205210 0.490150
0.204409 0.486576
0.203607 0.482967
0.202806 0.479314
0.202004 0.475630
0.201202 0.471909
0.200401 0.468149
0.199599 0.464351
0.198798 0.460506
0.197996 0.456628
0.197194 0.452710
0.196393 0.448751
0.195591 0.444744
0.194790 0.440701
0.193988 0.436616
0.193186 0.432487
0.192385 0.428307
0.191583 0.424090
0.190782 0.419827
0.189980 0.415512
0.189178 0.411156
0.188377 0.406754
0.187575 0.402297
0.186774 0.397798
0.185972 0.393250
0.185170 0.388645
0.184369 0.383995
0.183567 0.379295
0.182766 0.374535
0.181964 0.369729
0.181162 0.364862
0.180361 0.359947
0.179559 0.354970
0.178758 0.349944
0.177956 0.344860
0.177154 0.339711
0.176353 0.334503
0.175551 0.329242
0.174749 0.323913
0.173948 0.318530
0.173146 0.313077
0.172345 0.307567
0.171543 0.301985
0.170741 0.296338
0.169940 0.290631
0.169138 0.284849
0.168337 0.278997
0.167535 0.273076
0.166733 0.267084
0.165932 0.261019
0.165130 0.254881
0.164329 0.248668
0.163527 0.242380
0.162725 0.236014
0.161924 0.229570
0.161122 0.223047
0.160321 0.216443
0.159519 0.209748
0.158717 0.202979
0.157916 0.196116
0.157114 0.189167
0.156313 0.182130
0.155511 0.175005
0.154709 0.167789
0.153908 0.160482
0.153106 0.153073
0.152305 0.145579
0.151503 0.137971
0.150701 0.130276
0.149900 0.122474
0.149098 0.114573
0.148297 0.106563
0.147495 0.098453
0.146693 0.090225
0.145892 0.081899
0.145090 0.073456
0.144289 0.064910
0.143487 0.056250
0.142685 0.047478
0.141884 0.038608
0.141082 0.029668
0.140281 0.020699
0.139479 0.011916
0.138677 0.004540
0.137876 0.001525
0.137074 0.000802
0.136273 0.000528
0.135471 0.000394
0.134669 0.000316
0.133868 0.000253
0.133066 0.000215
0.132265 0.000193
0.131463 0.000167
0.130661 0.000000
0.129860 0.000000
0.129058 0.000000
0.128257 0.000000
0.127455 0.000001
0.126653 0.000001
0.125852 0.000001
0.125050 0.000002
0.124248 0.000003
0.123447 0.000003
0.122645 0.000004
0.121844 0.000004
0.121042 0.000004
0.120240 0.000005
0.119439 0.000005
0.118637 0.000005
0.117836 0.000006
0.117034 0.000007
0.116232 0.000006
0.115431 0.000007
0.114629 0.000007
0.113828 0.000007
0.113026 0.000008
0.112224 0.000007
0.111423 0.000008
0.110621 0.000008
0.109820 0.000007
0.109018 0.000009
0.108216 0.000009
0.107415 0.000009
0.106613 0.000009
0.105812 0.000009
0.105010 0.000009
0.104208 0.000009
0.103407 0.000010
0.102605 0.000011
0.101804 0.000008
0.101002 0.000009
0.100200 0.000010
0.099399 0.000011
0.098597 0.000009
0.097796 0.000010
0.096994 0.000008
0.096192 0.000009
0.095391 0.000011
0.094589 0.000009
0.093788 0.000011
0.092986 0.000009
0.092184 0.000011
0.091383 0.000009
0.090581 0.000011
0.089780 0.000009
0.088978 0.000012
0.088176 0.000010
0.087375 0.000008
0.086573 0.000011
0.085772 0.000009
0.084970 0.000012
0.084168 0.000010
0.083367 0.000009
0.082565 0.000012
0.081764 0.000010
0.080962 0.000008
0.080160 0.000012
0.079359 0.000010
0.078557 0.000009
0.077756 0.000007
0.076954 0.000011
0.076152 0.000009
0.075351 0.000008
0.074549 0.000007
0.073747 0.000005
0.072946 0.000009
0.072144 0.000007
0.071343 0.000006
0.070541 0.000005
0.069739 0.000009
0.068938 0.000008
0.068136 0.000006
0.067335 0.000005
0.066533 0.000004
0.065731 0.000008
0.064930 0.000007
0.064128 0.000006
0.063327 0.000005
0.062525 0.000004
0.061723 0.000003
0.060922 0.000007
0.060120 0.000006
0.059319 0.000005
0.058517 0.000004
0.057715 0.000003
0.056914 0.000003
0.056112 0.000006
0.055311 0.000005
0.054509 0.000004
0.053707 0.000004
0.052906 0.000003
0.052104 0.000002
0.051303 0.000002
0.050501 0.000005
0.049699 0.000004
0.048898 0.000003
0.048096 0.000003
0.047295 0.000002
0.046493 0.000002
0.045691 0.000002
0.044890 0.000004
0.044088 0.000004
0.043287 0.000003
0.042485 0.000002
0.041683 0.000002
0.040882 0.000002
0.040080 0.000001
0.039279 0.000001
0.038477 0.000001
0.037675 0.000001
0.036874 0.000001
0.036072 0.000000
0.035271 0.000000
0.034469 0.000000
0.033667 0.000000
0.032866 0.000000
0.032064 0.000000
0.031263 0.000000
0.030461 0.000000
0.029659 0.000000
0.028858 0.000000
0.028056 0.000000
0.027255 0.000000
0.026453 0.000000
0.025651 0.000000
0.024850 0.000000
0.024048 0.000000
0.023246 0.000000
0.022445 0.000001
0.021643 0.000001
0.020842 0.000001
0.020040 0.000001
0.019238 0.000000
0.018437 0.000000
0.017635 0.000000
0.016834 0.000000
0.016032 0.000001
0.015230 0.000001
0.014429 0.000001
0.013627 0.000000
0.012826 0.000000
0.012024 0.000000
0.011222 0.000000
0.010421 0.000000
0.009619 0.000000
0.008818 0.000001
0.008016 0.000000
0.007214 0.000000
0.006413 0.000000
0.005611 0.000000
0.004810 0.000000
0.004008 0.000000
0.003206 0.000000
0.002405 0.000000
0.001603 0.000000
0.000802 0.000000
0.000000 0.000000
