0.400000 0.873802
0.399198 0.873204
0.398397 0.872601
0.397595 0.871994
0.396794 0.871384
0.395992 0.870770
0.395190 0.870152
0.394389 0.869530
0.393587 0.868905
0.392786 0.868274
0.391984 0.867641
0.391182 0.867004
0.390381 0.866363
0.389579 0.865718
0.388778 0.865069
0.387976 0.864416
0.387174 0.863759
0.386373 0.863098
0.385571 0.862432
0.384770 0.861763
0.383968 0.861089
0.383166 0.860411
0.382365 0.859729
0.381563 0.859043
0.380762 0.858352
0.379960 0.857657
0.379158 0.856958
0.378357 0.856254
0.377555 0.855545
0.376754 0.854832
0.375952 0.854115
0.375150 0.853393
0.374349 0.852666
0.373547 0.851935
0.372745 0.851199
0.371944 0.850459
0.371142 0.849713
0.370341 0.848963
0.369539 0.848208
0.368737 0.847449
0.367936 0.846684
0.367134 0.845914
0.366333 0.845139
0.365531 0.844360
0.364729 0.843575
0.363928 0.842785
0.363126 0.841990
0.362325 0.841190
0.361523 0.840385
0.360721 0.839574
0.359920 0.838758
0.359118 0.837936
0.358317 0.837110
0.357515 0.836277
0.356713 0.835440
0.355912 0.834596
0.355110 0.833748
0.354309 0.832893
0.353507 0.832033
0.352705 0.831167
0.351904 0.830295
0.351102 0.829418
0.350301 0.828534
0.349499 0.827645
0.348697 0.826750
0.347896 0.825848
0.347094 0.824941
0.346293 0.824027
0.345491 0.823108
0.344689 0.822182
0.343888 0.821250
0.343086 0.820311
0.342285 0.819366
0.341483 0.818415
0.340681 0.817457
0.339880 0.816492
0.339078 0.815521
0.338277 0.814543
0.337475 0.813559
0.336673 0.812568
0.335872 0.811570
0.335070 0.810565
0.334269 0.809553
0.333467 0.808534
0.332665 0.807507
0.331864 0.806474
0.331062 0.805434
0.330261 0.804386
0.329459 0.803331
0.328657 0.802268
0.327856 0.801198
0.327054 0.800121
0.326253 0.799036
0.325451 0.797940
0.324649 0.796840
0.323848 0.795731
0.323046 0.794615
0.322244 0.793490
0.321443 0.792358
0.320641 0.791218
0.319840 0.790069
0.319038 0.788912
0.318236 0.787747
0.317435 0.786573
0.316633 0.785391
0.315832 0.784201
0.315030 0.783001
0.314228 0.781793
0.313427 0.780577
0.312625 0.779351
0.311824 0.778116
0.311022 0.776873
0.310220 0.775620
0.309419 0.774358
0.308617 0.773087
0.307816 0.771806
0.307014 0.770516
0.306212 0.769216
0.305411 0.767907
0.304609 0.766588
0.303808 0.765259
0.303006 0.763920
0.302204 0.762571
0.301403 0.761212
0.300601 0.759842
0.299800 0.758463
0.298998 0.757073
0.298196 0.755672
0.297395 0.754261
0.296593 0.752839
0.295792 0.751407
0.294990 0.749963
0.294188 0.748508
0.293387 0.747042
0.292585 0.745565
0.291784 0.744077
0.290982 0.742577
0.290180 0.741066
0.289379 0.739542
0.288577 0.738007
0.287776 0.736460
0.286974 0.734901
0.286172 0.733330
0.285371 0.731742
0.284569 0.730146
0.283768 0.728538
0.282966 0.726916
0.282164 0.725282
0.281363 0.723635
0.280561 0.721975
0.279760 0.720302
0.278958 0.718615
0.278156 0.716915
0.277355 0.715201
0.276553 0.713474
0.275752 0.711732
0.274950 0.709977
0.274148 0.708207
0.273347 0.706423
0.272545 0.704625
0.271743 0.702812
0.270942 0.700984
0.270140 0.699141
0.269339 0.697283
0.268537 0.695410
0.267735 0.693521
0.266934 0.691617
0.266132 0.689697
0.265331 0.687761
0.264529 0.685809
0.263727 0.683841
0.262926 0.681851
0.262124 0.679850
0.261323 0.677832
0.260521 0.675796
0.259719 0.673744
0.258918 0.671674
0.258116 0.669587
0.257315 0.667482
0.256513 0.665359
0.255711 0.663217
0.254910 0.661058
0.254108 0.658880
0.253307 0.656683
0.252505 0.654467
0.251703 0.652232
0.250902 0.649978
0.250100 0.647704
0.249299 0.645410
0.248497 0.643097
0.247695 0.640762
0.246894 0.638408
0.246092 0.636027
0.245291 0.633631
0.244489 0.631213
0.243687 0.628774
0.242886 0.626313
0.242084 0.623830
0.241283 0.621325
0.240481 0.618797
0.239679 0.616247
0.238878 0.613673
0.238076 0.611077
0.237275 0.608456
0.236473 0.605812
0.235671 0.603144
0.234870 0.600452
0.234068 0.597734
0.233267 0.594986
0.232465 0.592218
0.231663 0.589425
0.230862 0.586605
0.230060 0.583760
0.229259 0.580887
0.228457 0.577988
0.227655 0.575062
0.226854 0.572108
0.226052 0.569126
0.225251 0.566116
0.224449 0.563078
0.223647 0.560010
0.222846 0.556907
0.222044 0.553781
0.221242 0.550624
0.220441 0.547437
0.219639 0.544218
0.218838 0.540969
0.218036 0.537688
0.217234 0.534375
0.216433 0.531030
0.215631 0.527652
0.214830 0.524234
0.214028 0.520789
0.213226 0.517310
0.212425 0.513795
0.211623 0.510246
0.210822 0.506662
0.210020 0.503041
0.209218 0.499384
0.208417 0.495690
0.207615 0.491952
0.206814 0.488183
0.206012 0.484375
0.205210 0.480528
0.204409 0.476641
0.203607 0.472715
0.202806 0.468748
0.202004 0.464733
0.201202 0.460683
0.200401 0.456591
0.199599 0.452456
0.198798 0.448277
0.197996 0.444055
0.197194 0.439780
0.196393 0.435468
0.195591 0.431109
0.194790 0.426704
0.193988 0.422251
0.193186 0.417744
0.192385 0.413194
0.191583 0.408596
0.190782 0.403947
0.189980 0.399248
0.189178 0.394490
0.188377 0.389687
0.187575 0.384831
0.186774 0.379921
0.185972 0.374949
0.185170 0.369929
0.184369 0.364853
0.183567 0.359713
0.182766 0.354522
0.181964 0.349272
0.181162 0.343963
0.180361 0.338585
0.179559 0.333153
0.178758 0.327651
0.177956 0.322094
0.177154 0.316472
0.176353 0.310777
0.175551 0.305024
0.174749 0.299195
0.173948 0.293306
0.173146 0.287339
0.172345 0.281309
0.171543 0.275200
0.170741 0.269026
0.169940 0.262770
0.169138 0.256439
0.168337 0.250039
0.167535 0.243554
0.166733 0.236990
0.165932 0.230354
0.165130 0.223629
0.164329 0.216821
0.163527 0.209928
0.162725 0.202951
0.161924 0.195887
0.161122 0.188726
0.160321 0.181484
0.159519 0.174151
0.158717 0.166718
0.157916 0.159200
0.157114 0.151578
0.156313 0.143859
0.155511 0.136034
0.154709 0.128119
0.153908 0.120095
0.153106 0.111970
0.152305 0.103733
0.151503 0.095395
0.150701 0.086944
0.149900 0.078393
0.149098 0.069724
0.148297 0.060940
0.147495 0.052060
0.146693 0.043071
0.145892 0.033994
0.145090 0.024858
0.144289 0.015801
0.143487 0.007405
0.142685 0.002381
0.141884 0.001056
0.141082 0.000649
0.140281 0.000464
0.139479 0.000364
0.138677 0.000288
0.137876 0.000247
0.137074 0.000215
0.136273 0.000184
0.135471 0.000164
0.134669 0.000145
0.133868 0.000135
0.133066 0.000125
0.132265 0.000115
0.131463 0.000105
0.130661 0.000095
0.129860 0.000086
0.129058 0.000077
0.128257 0.000069
0.127455 0.000061
0.126653 0.000054
0.125852 0.000047
0.125050 0.000041
0.124248 0.000035
0.123447 0.000030
0.122645 0.000025
0.121844 0.000021
0.121042 0.000018
0.120240 0.000015
0.119439 0.000012
0.118637 0.000010
0.117836 0.000008
0.117034 0.000007
0.116232 0.000005
0.115431 0.000004
0.114629 0.000003
0.113828 0.000003
0.113026 0.000002
0.112224 0.000002
0.111423 0.000001
0.110621 0.000001
0.109820 0.000001
0.109018 0.000001
0.108216 0.000000
0.107415 0.000000
0.106613 0.000000
0.105812 0.000000
0.105010 0.000000
0.104208 0.000000
0.103407 0.000000
0.102605 0.000000
0.101804 0.000000
0.101002 0.000000
0.100200 0.000000
0.099399 0.000000
0.098597 0.000000
0.097796 0.000000
0.096994 0.000000
0.096192 0.000000
0.095391 0.000000
0.094589 0.000000
0.093788 0.000000
0.092986 0.000000
0.092184 0.000000
0.091383 0.000000
0.090581 0.000000
0.089780 0.000000
0.088978 0.000000
0.088176 0.000000
0.087375 0.000000
0.086573 0.000000
0.085772 0.000000
0.084970 0.000000
0.084168 0.000000
0.083367 0.000000
0.082565 0.000000
0.081764 0.000000
0.080962 0.000000
0.080160 0.000000
0.079359 0.000000
0.078557 0.000000
0.077756 0.000000
0.076954 0.000000
0.076152 0.000000
0.075351 0.000000
0.074549 0.000000
0.073747 0.000000
0.072946 0.000000
0.072144 0.000000
0.071343 0.000000
0.070541 0.000000
0.069739 0.000000
0.068938 0.000000
0.068136 0.000000
0.067335 0.000000
0.066533 0.000000
0.065731 0.000000
0.064930 0.000000
0.064128 0.000000
0.063327 0.000000
0.062525 0.000000
0.061723 0.000000
0.060922 0.000000
0.060120 0.000000
0.059319 0.000000
0.058517 0.000000
0.057715 0.000000
0.056914 0.000000
0.056112 0.000000
0.055311 0.000000
0.054509 0.000000
0.053707 0.000000
0.052906 0.000000
0.052104 0.000000
0.051303 0.000000
0.050501 0.000000
0.049699 0.000000
0.048898 0.000000
0.048096 0.000000
0.047295 0.000000
0.046493 0.000000
0.045691 0.000000
0.044890 0.000000
0.044088 0.000000
0.043287 0.000000
0.042485 0.000000
0.041683 0.000000
0.040882 0.000000
0.040080 0.000000
0.039279 0.000000
0.038477 0.000000
0.037675 0.000000
0.036874 0.000000
0.036072 0.000000
0.035271 0.000000
0.034469 0.000000
0.033667 0.000000
0.032866 0.000000
0.032064 0.000000
0.031263 0.000000
0.030461 0.000000
0.029659 0.000000
0.028858 0.000000
0.028056 0.000000
0.027255 0.000000
0.026453 0.000000
0.025651 0.000000
0.024850 0.000000
0.024048 0.000000
0.023246 0.000000
0.022445 0.000000
0.021643 0.000000
0.020842 0.000000
0.020040 0.000000
0.019238 0.000000
0.018437 0.000000
0.017635 0.000000
0.016834 0.000000
0.016032 0.000000
0.015230 0.000000
0.014429 0.000000
0.013627 0.000000
0.012826 0.000000
0.012024 0.000000
0.011222 0.000000
0.010421 0.000000
0.009619 0.000000
0.008818 0.000000
0.008016 0.000000
0.007214 0.000000
0.006413 0.000000
0.005611 0.000000
0.004810 0.000000
0.004008 0.000000
0.003206 0.000000
0.002405 0.000000
0.001603 0.000000
0.000802 0.000000
0.000000 0.000000
