0.400000 0.889825
0.399198 0.889218
0.398397 0.888607
0.397595 0.887993
0.396794 0.887374
0.395992 0.886752
0.395190 0.886125
0.394389 0.885494
0.393587 0.884859
0.392786 0.884220
0.391984 0.883577
0.391182 0.882930
0.390381 0.882278
0.389579 0.881622
0.388778 0.880962
0.387976 0.880297
0.387174 0.879628
0.386373 0.878955
0.385571 0.878277
0.384770 0.877594
0.383968 0.876907
0.383166 0.876216
0.382365 0.875519
0.381563 0.874819
0.380762 0.874113
0.379960 0.873403
0.379158 0.872688
0.378357 0.871968
0.377555 0.871243
0.376754 0.870514
0.375952 0.869779
0.375150 0.869040
0.374349 0.868296
0.373547 0.867546
0.372745 0.866792
0.371944 0.866032
0.371142 0.865267
0.370341 0.864497
0.369539 0.863722
0.368737 0.862942
0.367936 0.862156
0.367134 0.861365
0.366333 0.860568
0.365531 0.859766
0.364729 0.858958
0.363928 0.858145
0.363126 0.857326
0.362325 0.856502
0.361523 0.855672
0.360721 0.854835
0.359920 0.853993
0.359118 0.853146
0.358317 0.852292
0.357515 0.851433
0.356713 0.850567
0.355912 0.849696
0.355110 0.848818
0.354309 0.847935
0.353507 0.847045
0.352705 0.846149
0.351904 0.845246
0.351102 0.844337
0.350301 0.843422
0.349499 0.842500
0.348697 0.841572
0.347896 0.840637
0.347094 0.839696
0.346293 0.838748
0.345491 0.837793
0.344689 0.836831
0.343888 0.835862
0.343086 0.834887
0.342285 0.833904
0.341483 0.832914
0.340681 0.831918
0.339880 0.830914
0.339078 0.829902
0.338277 0.828884
0.337475 0.827858
0.336673 0.826825
0.335872 0.825784
0.335070 0.824735
0.334269 0.823679
0.333467 0.822616
0.332665 0.821544
0.331864 0.820465
0.331062 0.819377
0.330261 0.818282
0.329459 0.817179
0.328657 0.816067
0.327856 0.814947
0.327054 0.813819
0.326253 0.812683
0.325451 0.811538
0.324649 0.810385
0.323848 0.809223
0.323046 0.808050
0.322244 0.806871
0.321443 0.805683
0.320641 0.804485
0.319840 0.803279
0.319038 0.802064
0.318236 0.800840
0.317435 0.799606
0.316633 0.798363
0.315832 0.797110
0.315030 0.795848
0.314228 0.794577
0.313427 0.793295
0.312625 0.792004
0.311824 0.790703
0.311022 0.789393
0.310220 0.788072
0.309419 0.786740
0.308617 0.785399
0.307816 0.784047
0.307014 0.782685
0.306212 0.781312
0.305411 0.779929
0.304609 0.778535
0.303808 0.777129
0.303006 0.775713
0.302204 0.774286
0.301403 0.772848
0.300601 0.771398
0.299800 0.769937
0.298998 0.768465
0.298196 0.766981
0.297395 0.765485
0.296593 0.763973
0.295792 0.762453
0.294990 0.760921
0.294188 0.759377
0.293387 0.757820
0.292585 0.756251
0.291784 0.754670
0.290982 0.753075
0.290180 0.751468
0.289379 0.749848
0.288577 0.748215
0.287776 0.746568
0.286974 0.744908
0.286172 0.743235
0.285371 0.741548
0.284569 0.739847
0.283768 0.738132
0.282966 0.736403
0.282164 0.734656
0.281363 0.732898
0.280561 0.731126
0.279760 0.729339
0.278958 0.727538
0.278156 0.725721
0.277355 0.723889
0.276553 0.722043
0.275752 0.720180
0.274950 0.718302
0.274148 0.716408
0.273347 0.714499
0.272545 0.712573
0.271743 0.710631
0.270942 0.708672
0.270140 0.706692
0.269339 0.704700
0.268537 0.702690
0.267735 0.700664
0.266934 0.698620
0.266132 0.696559
0.265331 0.694480
0.264529 0.692383
0.263727 0.690267
0.262926 0.688134
0.262124 0.685982
0.261323 0.683811
0.260521 0.681617
0.259719 0.679408
0.258918 0.677179
0.258116 0.674931
0.257315 0.672663
0.256513 0.670375
0.255711 0.668067
0.254910 0.665739
0.254108 0.663389
0.253307 0.661019
0.252505 0.658628
0.251703 0.656210
0.250902 0.653775
0.250100 0.651319
0.249299 0.648840
0.248497 0.646338
0.247695 0.643815
0.246894 0.641268
0.246092 0.638698
0.245291 0.636104
0.244489 0.633487
0.243687 0.630840
0.242886 0.628174
0.242084 0.625484
0.241283 0.622768
0.240481 0.620028
0.239679 0.617262
0.238878 0.614470
0.238076 0.611652
0.237275 0.608802
0.236473 0.605931
0.235671 0.603032
0.234870 0.600107
0.234068 0.597153
0.233267 0.594172
0.232465 0.591162
0.231663 0.588117
0.230862 0.585049
0.230060 0.581952
0.229259 0.578825
0.228457 0.575667
0.227655 0.572479
0.226854 0.569260
0.226052 0.566004
0.225251 0.562722
0.224449 0.559407
0.223647 0.556060
0.222846 0.552680
0.222044 0.549267
0.221242 0.545814
0.220441 0.542332
0.219639 0.538816
0.218838 0.535265
0.218036 0.531678
0.217234 0.528049
0.216433 0.524389
0.215631 0.520693
0.214830 0.516959
0.214028 0.513187
0.213226 0.509370
0.212425 0.505520
0.211623 0.501631
0.210822 0.497702
0.210020 0.493726
0.209218 0.489715
0.208417 0.485662
0.207615 0.481568
0.206814 0.477423
0.206012 0.473242
0.205210 0.469017
0.204409 0.464741
0.203607 0.460426
0.202806 0.456065
0.202004 0.451658
0.201202 0.447197
0.200401 0.442695
0.199599 0.438144
0.198798 0.433537
0.197996 0.428888
0.197194 0.424188
0.196393 0.419430
0.195591 0.414627
0.194790 0.409763
0.193988 0.404854
0.193186 0.399891
0.192385 0.394864
0.191583 0.389790
0.190782 0.384652
0.189980 0.379463
0.189178 0.374209
0.188377 0.368903
0.187575 0.363530
0.186774 0.358103
0.185972 0.352606
0.185170 0.347048
0.184369 0.341432
0.183567 0.335745
0.182766 0.329992
0.181964 0.324180
0.181162 0.318293
0.180361 0.312337
0.179559 0.306320
0.178758 0.300223
0.177956 0.294055
0.177154 0.287814
0.176353 0.281499
0.175551 0.275109
0.174749 0.268642
0.173948 0.262098
0.173146 0.255475
0.172345 0.248764
0.171543 0.241980
0.170741 0.235114
0.169940 0.228155
0.169138 0.221120
0.168337 0.213990
0.167535 0.206773
0.166733 0.199467
0.165932 0.192070
0.165130 0.184582
0.164329 0.177000
0.163527 0.169316
0.162725 0.161536
0.161924 0.153660
0.161122 0.145685
0.160321 0.137602
0.159519 0.129419
0.158717 0.121126
0.157916 0.112731
0.157114 0.104225
0.156313 0.095608
0.155511 0.086881
0.154709 0.078046
0.153908 0.069089
0.153106 0.060007
0.152305 0.050790
0.151503 0.041464
0.150701 0.032020
0.149900 0.022477
0.149098 0.012916
0.148297 0.004014
0.147495 0.000739
0.146693 0.000352
0.145892 0.000234
0.145090 0.000177
0.144289 0.000142
0.143487 0.000120
0.142685 0.000101
0.141884 0.000092
0.141082 0.000082
0.140281 0.000075
0.139479 0.000068
0.138677 0.000063
0.137876 0.000059
0.137074 0.000055
0.136273 0.000050
0.135471 0.000048
0.134669 0.000044
0.133868 0.000042
0.133066 0.000042
0.132265 0.000040
0.131463 0.000038
0.130661 0.000038
0.129860 0.000034
0.129058 0.000031
0.128257 0.000034
0.127455 0.000033
0.126653 0.000028
0.125852 0.000028
0.125050 0.000028
0.124248 0.000025
0.123447 0.000026
0.122645 0.000024
0.121844 0.000026
0.121042 0.000024
0.120240 0.000023
0.119439 0.000021
0.118637 0.000020
0.117836 0.000020
0.117034 0.000019
0.116232 0.000019
0.115431 0.000019
0.114629 0.000019
0.113828 0.000020
0.113026 0.000021
0.112224 0.000016
0.111423 0.000017
0.110621 0.000018
0.109820 0.000015
0.109018 0.000016
0.108216 0.000017
0.107415 0.000014
0.106613 0.000016
0.105812 0.000018
0.105010 0.000014
0.104208 0.000017
0.103407 0.000014
0.102605 0.000016
0.101804 0.000013
0.101002 0.000016
0.100200 0.000013
0.099399 0.000011
0.098597 0.000013
0.097796 0.000011
0.096994 0.000014
0.096192 0.000011
0.095391 0.000015
0.094589 0.000012
0.093788 0.000010
0.092986 0.000013
0.092184 0.000011
0.091383 0.000009
0.090581 0.000013
0.089780 0.000011
0.088978 0.000009
0.088176 0.000013
0.087375 0.000010
0.086573 0.000009
0.085772 0.000007
0.084970 0.000011
0.084168 0.000009
0.083367 0.000008
0.082565 0.000012
0.081764 0.000010
0.080962 0.000008
0.080160 0.000007
0.079359 0.000011
0.078557 0.000009
0.077756 0.000008
0.076954 0.000007
0.076152 0.000006
0.075351 0.000009
0.074549 0.000008
0.073747 0.000007
0.072946 0.000006
0.072144 0.000005
0.071343 0.000008
0.070541 0.000007
0.069739 0.000006
0.068938 0.000005
0.068136 0.000004
0.067335 0.000008
0.066533 0.000007
0.065731 0.000006
0.064930 0.000005
0.064128 0.000004
0.063327 0.000003
0.062525 0.000007
0.061723 0.000006
0.060922 0.000005
0.060120 0.000004
0.059319 0.000004
0.058517 0.000003
0.057715 0.000003
0.056914 0.000006
0.056112 0.000005
0.055311 0.000004
0.054509 0.000003
0.053707 0.000003
0.052906 0.000002
0.052104 0.000002
0.051303 0.000005
0.050501 0.000004
0.049699 0.000003
0.048898 0.000003
0.048096 0.000002
0.047295 0.000002
0.046493 0.000002
0.045691 0.000001
0.044890 0.000004
0.044088 0.000003
0.043287 0.000003
0.042485 0.000002
0.041683 0.000002
0.040882 0.000002
0.040080 0.000001
0.039279 0.000001
0.038477 0.000003
0.037675 0.000003
0.036874 0.000002
0.036072 0.000002
0.035271 0.000002
0.034469 0.000001
0.033667 0.000001
0.032866 0.000001
0.032064 0.000001
0.031263 0.000003
0.030461 0.000002
0.029659 0.000002
0.028858 0.000001
0.028056 0.000001
0.027255 0.000001
0.026453 0.000001
0.025651 0.000001
0.024850 0.000000
0.024048 0.000000
0.023246 0.000002
0.022445 0.000001
0.021643 0.000001
0.020842 0.000001
0.020040 0.000001
0.019238 0.000000
0.018437 0.000000
0.017635 0.000000
0.016834 0.000000
0.016032 0.000000
0.015230 0.000000
0.014429 0.000000
0.013627 0.000000
0.012826 0.000000
0.012024 0.000000
0.011222 0.000000
0.010421 0.000000
0.009619 0.000000
0.008818 0.000000
0.008016 0.000000
0.007214 0.000000
0.006413 0.000000
0.005611 0.000000
0.004810 0.000000
0.004008 0.000000
0.003206 0.000000
0.002405 0.000000
0.001603 0.000000
0.000802 0.000000
0.000000 0.000000
