0.400000 0.882903
0.399198 0.882394
0.398397 0.881882
0.397595 0.881367
0.396794 0.880850
0.395992 0.880330
0.395190 0.879807
0.394389 0.879281
0.393587 0.878752
0.392786 0.878221
0.391984 0.877686
0.391182 0.877149
0.390381 0.876609
0.389579 0.876066
0.388778 0.875519
0.387976 0.874970
0.387174 0.874418
0.386373 0.873863
0.385571 0.873305
0.384770 0.872744
0.383968 0.872179
0.383166 0.871612
0.382365 0.871042
0.381563 0.870468
0.380762 0.869891
0.379960 0.869311
0.379158 0.868728
0.378357 0.868142
0.377555 0.867552
0.376754 0.866959
0.375952 0.866363
0.375150 0.865763
0.374349 0.865160
0.373547 0.864554
0.372745 0.863945
0.371944 0.863332
0.371142 0.862715
0.370341 0.862095
0.369539 0.861472
0.368737 0.860845
0.367936 0.860215
0.367134 0.859581
0.366333 0.858943
0.365531 0.858302
0.364729 0.857657
0.363928 0.857009
0.363126 0.856357
0.362325 0.855701
0.361523 0.855042
0.360721 0.854379
0.359920 0.853712
0.359118 0.853041
0.358317 0.852366
0.357515 0.851688
0.356713 0.851005
0.355912 0.850319
0.355110 0.849629
0.354309 0.848934
0.353507 0.848236
0.352705 0.847534
0.351904 0.846828
0.351102 0.846117
0.350301 0.845403
0.349499 0.844684
0.348697 0.843961
0.347896 0.843234
0.347094 0.842503
0.346293 0.841767
0.345491 0.841027
0.344689 0.840283
0.343888 0.839535
0.343086 0.838782
0.342285 0.838024
0.341483 0.837262
0.340681 0.836496
0.339880 0.835725
0.339078 0.834950
0.338277 0.834170
0.337475 0.833385
0.336673 0.832596
0.335872 0.831802
0.335070 0.831003
0.334269 0.830199
0.333467 0.829391
0.332665 0.828578
0.331864 0.827760
0.331062 0.826937
0.330261 0.826108
0.329459 0.825275
0.328657 0.824437
0.327856 0.823594
0.327054 0.822745
0.326253 0.821892
0.325451 0.821034
0.324649 0.820170
0.323848 0.819301
0.323046 0.818426
0.322244 0.817547
0.321443 0.816662
0.320641 0.815771
0.319840 0.814875
0.319038 0.813974
0.318236 0.813066
0.317435 0.812154
0.316633 0.811235
0.315832 0.810311
0.315030 0.809381
0.314228 0.808446
0.313427 0.807504
0.312625 0.806557
0.311824 0.805604
0.311022 0.804644
0.310220 0.803679
0.309419 0.802708
0.308617 0.801730
0.307816 0.800746
0.307014 0.799756
0.306212 0.798760
0.305411 0.797758
0.304609 0.796749
0.303808 0.795733
0.303006 0.794711
0.302204 0.793683
0.301403 0.792648
0.300601 0.791606
0.299800 0.790558
0.298998 0.789503
0.298196 0.788441
0.297395 0.787372
0.296593 0.786296
0.295792 0.785213
0.294990 0.784123
0.294188 0.783026
0.293387 0.781922
0.292585 0.780810
0.291784 0.779691
0.290982 0.778565
0.290180 0.777432
0.289379 0.776290
0.288577 0.775142
0.287776 0.773985
0.286974 0.772821
0.286172 0.771649
0.285371 0.770470
0.284569 0.769282
0.283768 0.768087
0.282966 0.766883
0.282164 0.765671
0.281363 0.764451
0.280561 0.763223
0.279760 0.761987
0.278958 0.760742
0.278156 0.759488
0.277355 0.758226
0.276553 0.756956
0.275752 0.755676
0.274950 0.754388
0.274148 0.753091
0.273347 0.751785
0.272545 0.750470
0.271743 0.749145
0.270942 0.747812
0.270140 0.746469
0.269339 0.745117
0.268537 0.743755
0.267735 0.742382
0.266934 0.741000
0.266132 0.739610
0.265331 0.738209
0.264529 0.736798
0.263727 0.735378
0.262926 0.733947
0.262124 0.732506
0.261323 0.731054
0.260521 0.729593
0.259719 0.728120
0.258918 0.726637
0.258116 0.725143
0.257315 0.723639
0.256513 0.722123
0.255711 0.720596
0.254910 0.719059
0.254108 0.717509
0.253307 0.715949
0.252505 0.714377
0.251703 0.712793
0.250902 0.711198
0.250100 0.709590
0.249299 0.707971
0.248497 0.706339
0.247695 0.704696
0.246894 0.703039
0.246092 0.701371
0.245291 0.699690
0.244489 0.697996
0.243687 0.696289
0.242886 0.694569
0.242084 0.692836
0.241283 0.691089
0.240481 0.689330
0.239679 0.687556
0.238878 0.685769
0.238076 0.683968
0.237275 0.682153
0.236473 0.680324
0.235671 0.678480
0.234870 0.676622
0.234068 0.674749
0.233267 0.672862
0.232465 0.670959
0.231663 0.669038
0.230862 0.667105
0.230060 0.665157
0.229259 0.663193
0.228457 0.661213
0.227655 0.659217
0.226854 0.657204
0.226052 0.655176
0.225251 0.653131
0.224449 0.651069
0.223647 0.648990
0.222846 0.646894
0.222044 0.644781
0.221242 0.642651
0.220441 0.640502
0.219639 0.638336
0.218838 0.636151
0.218036 0.633949
0.217234 0.631727
0.216433 0.629487
0.215631 0.627228
0.214830 0.624949
0.214028 0.622651
0.213226 0.620334
0.212425 0.617996
0.211623 0.615639
0.210822 0.613260
0.210020 0.610862
0.209218 0.608438
0.208417 0.605996
0.207615 0.603534
0.206814 0.601050
0.206012 0.598543
0.205210 0.596015
0.204409 0.593464
0.203607 0.590890
0.202806 0.588293
0.202004 0.585672
0.201202 0.583028
0.200401 0.580360
0.199599 0.577667
0.198798 0.574950
0.197996 0.572208
0.197194 0.569441
0.196393 0.566648
0.195591 0.563829
0.194790 0.560979
0.193988 0.558107
0.193186 0.555208
0.192385 0.552281
0.191583 0.549327
0.190782 0.546344
0.189980 0.543334
0.189178 0.540294
0.188377 0.537225
0.187575 0.534126
0.186774 0.530997
0.185972 0.527838
0.185170 0.524648
0.184369 0.521421
0.183567 0.518168
0.182766 0.514882
0.181964 0.511563
0.181162 0.508211
0.180361 0.504826
0.179559 0.501406
0.178758 0.497952
0.177956 0.494462
0.177154 0.490937
0.176353 0.487376
0.175551 0.483773
0.174749 0.480137
0.173948 0.476464
0.173146 0.472753
0.172345 0.469002
0.171543 0.465212
0.170741 0.461381
0.169940 0.457510
0.169138 0.453598
0.168337 0.449638
0.167535 0.445641
0.166733 0.441600
0.165932 0.437515
0.165130 0.433386
0.164329 0.429211
0.163527 0.424990
0.162725 0.420717
0.161924 0.416401
0.161122 0.412037
0.160321 0.407624
0.159519 0.403161
0.158717 0.398642
0.157916 0.394076
0.157114 0.389458
0.156313 0.384786
0.155511 0.380061
0.154709 0.375274
0.153908 0.370437
0.153106 0.365543
0.152305 0.360591
0.151503 0.355580
0.150701 0.350503
0.149900 0.345371
0.149098 0.340176
0.148297 0.334913
0.147495 0.329591
0.146693 0.324204
0.145892 0.318750
0.145090 0.313222
0.144289 0.307631
0.143487 0.301964
0.142685 0.296231
0.141884 0.290426
0.141082 0.284540
0.140281 0.278585
0.139479 0.272546
0.138677 0.266436
0.137876 0.260239
0.137074 0.253967
0.136273 0.247606
0.135471 0.241167
0.134669 0.234635
0.133868 0.228016
0.133066 0.221314
0.132265 0.214514
0.131463 0.207621
0.130661 0.200633
0.129860 0.193549
0.129058 0.186366
0.128257 0.179083
0.127455 0.171698
0.126653 0.164201
0.125852 0.156606
0.125050 0.148895
0.124248 0.141073
0.123447 0.133139
0.122645 0.125091
0.121844 0.116919
0.121042 0.108629
0.120240 0.100219
0.119439 0.091680
0.118637 0.083011
0.117836 0.074220
0.117034 0.065292
0.116232 0.056230
0.115431 0.047043
0.114629 0.037723
0.113828 0.028294
0.113026 0.018812
0.112224 0.009532
0.111423 0.002574
0.110621 0.000850
0.109820 0.000470
0.109018 0.000318
0.108216 0.000242
0.107415 0.000196
0.106613 0.000160
0.105812 0.000134
0.105010 0.000117
0.104208 0.000100
0.103407 0.000092
0.102605 0.000084
0.101804 0.000076
0.101002 0.000068
0.100200 0.000060
0.099399 0.000053
0.098597 0.000046
0.097796 0.000040
0.096994 0.000034
0.096192 0.000029
0.095391 0.000024
0.094589 0.000020
0.093788 0.000016
0.092986 0.000013
0.092184 0.000011
0.091383 0.000009
0.090581 0.000007
0.089780 0.000005
0.088978 0.000004
0.088176 0.000003
0.087375 0.000002
0.086573 0.000002
0.085772 0.000001
0.084970 0.000001
0.084168 0.000001
0.083367 0.000001
0.082565 0.000000
0.081764 0.000000
0.080962 0.000000
0.080160 0.000000
0.079359 0.000000
0.078557 0.000000
0.077756 0.000000
0.076954 0.000000
0.076152 0.000000
0.075351 0.000000
0.074549 0.000000
0.073747 0.000000
0.072946 0.000000
0.072144 0.000000
0.071343 0.000000
0.070541 0.000000
0.069739 0.000000
0.068938 0.000000
0.068136 0.000000
0.067335 0.000000
0.066533 0.000000
0.065731 0.000000
0.064930 0.000000
0.064128 0.000000
0.063327 0.000000
0.062525 0.000000
0.061723 0.000000
0.060922 0.000000
0.060120 0.000000
0.059319 0.000000
0.058517 0.000000
0.057715 0.000000
0.056914 0.000000
0.056112 0.000000
0.055311 0.000000
0.054509 0.000000
0.053707 0.000000
0.052906 0.000000
0.052104 0.000000
0.051303 0.000000
0.050501 0.000000
0.049699 0.000000
0.048898 0.000000
0.048096 0.000000
0.047295 0.000000
0.046493 0.000000
0.045691 0.000000
0.044890 0.000000
0.044088 0.000000
0.043287 0.000000
0.042485 0.000000
0.041683 0.000000
0.040882 0.000000
0.040080 0.000000
0.039279 0.000000
0.038477 0.000000
0.037675 0.000000
0.036874 0.000000
0.036072 0.000000
0.035271 0.000000
0.034469 0.000000
0.033667 0.000000
0.032866 0.000000
0.032064 0.000000
0.031263 0.000000
0.030461 0.000000
0.029659 0.000000
0.028858 0.000000
0.028056 0.000000
0.027255 0.000000
0.026453 0.000000
0.025651 0.000000
0.024850 0.000000
0.024048 0.000000
0.023246 0.000000
0.022445 0.000000
0.021643 0.000000
0.020842 0.000000
0.020040 0.000000
0.019238 0.000000
0.018437 0.000000
0.017635 0.000000
0.016834 0.000000
0.016032 0.000000
0.015230 0.000000
0.014429 0.000000
0.013627 0.000000
0.012826 0.000000
0.012024 0.000000
0.011222 0.000000
0.010421 0.000000
0.009619 0.000000
0.008818 0.000000
0.008016 0.000000
0.007214 0.000000
0.006413 0.000000
0.005611 0.000000
0.004810 0.000000
0.004008 0.000000
0.003206 0.000000
0.002405 0.000000
0.001603 0.000000
0.000802 0.000000
0.000000 0.000000
