0.400000 0.873802
0.399198 0.873202
0.398397 0.872599
0.397595 0.871993
0.396794 0.871382
0.395992 0.870768
0.395190 0.870150
0.394389 0.869529
0.393587 0.868903
0.392786 0.868274
0.391984 0.867641
0.391182 0.867004
0.390381 0.866363
0.389579 0.865718
0.388778 0.865069
0.387976 0.864416
0.387174 0.863758
0.386373 0.863097
0.385571 0.862432
0.384770 0.861762
0.383968 0.861089
0.383166 0.860411
0.382365 0.859729
0.381563 0.859042
0.380762 0.858352
0.379960 0.857656
0.379158 0.856957
0.378357 0.856253
0.377555 0.855545
0.376754 0.854832
0.375952 0.854114
0.375150 0.853392
0.374349 0.852666
0.373547 0.851935
0.372745 0.851199
0.371944 0.850458
0.371142 0.849713
0.370341 0.848963
0.369539 0.848208
0.368737 0.847448
0.367936 0.846683
0.367134 0.845913
0.366333 0.845139
0.365531 0.844359
0.364729 0.843574
0.363928 0.842784
0.363126 0.841989
0.362325 0.841189
0.361523 0.840384
0.360721 0.839573
0.359920 0.838757
0.359118 0.837935
0.358317 0.837109
0.357515 0.836276
0.356713 0.835438
0.355912 0.834595
0.355110 0.833746
0.354309 0.832892
0.353507 0.832032
0.352705 0.831166
0.351904 0.830294
0.351102 0.829416
0.350301 0.828533
0.349499 0.827643
0.348697 0.826748
0.347896 0.825847
0.347094 0.824939
0.346293 0.824026
0.345491 0.823106
0.344689 0.822180
0.343888 0.821248
0.343086 0.820309
0.342285 0.819364
0.341483 0.818413
0.340681 0.817455
0.339880 0.816490
0.339078 0.815519
0.338277 0.814541
0.337475 0.813557
0.336673 0.812566
0.335872 0.811567
0.335070 0.810562
0.334269 0.809550
0.333467 0.808531
0.332665 0.807505
0.331864 0.806472
0.331062 0.805431
0.330261 0.804383
0.329459 0.803328
0.328657 0.802266
0.327856 0.801196
0.327054 0.800118
0.326253 0.799033
0.325451 0.797940
0.324649 0.796839
0.323848 0.795731
0.323046 0.794615
0.322244 0.793490
0.321443 0.792358
0.320641 0.791218
0.319840 0.790069
0.319038 0.788912
0.318236 0.787747
0.317435 0.786572
0.316633 0.785390
0.315832 0.784200
0.315030 0.783000
0.314228 0.781792
0.313427 0.780575
0.312625 0.779350
0.311824 0.778115
0.311022 0.776871
0.310220 0.775619
0.309419 0.774357
0.308617 0.773085
0.307816 0.771805
0.307014 0.770514
0.306212 0.769215
0.305411 0.767905
0.304609 0.766586
0.303808 0.765257
0.303006 0.763918
0.302204 0.762569
0.301403 0.761210
0.300601 0.759841
0.299800 0.758461
0.298998 0.757071
0.298196 0.755671
0.297395 0.754260
0.296593 0.752838
0.295792 0.751405
0.294990 0.749961
0.294188 0.748507
0.293387 0.747041
0.292585 0.745564
0.291784 0.744076
0.290982 0.742576
0.290180 0.741064
0.289379 0.739541
0.288577 0.738006
0.287776 0.736459
0.286974 0.734900
0.286172 0.733329
0.285371 0.731746
0.284569 0.730146
0.283768 0.728538
0.282966 0.726916
0.282164 0.725282
0.281363 0.723635
0.280561 0.721975
0.279760 0.720302
0.278958 0.718615
0.278156 0.716915
0.277355 0.715202
0.276553 0.713474
0.275752 0.711733
0.274950 0.709978
0.274148 0.708208
0.273347 0.706424
0.272545 0.704626
0.271743 0.702813
0.270942 0.700985
0.270140 0.699143
0.269339 0.697280
0.268537 0.695407
0.267735 0.693519
0.266934 0.691614
0.266132 0.689694
0.265331 0.687759
0.264529 0.685807
0.263727 0.683838
0.262926 0.681854
0.262124 0.679853
0.261323 0.677835
0.260521 0.675800
0.259719 0.673747
0.258918 0.671678
0.258116 0.669586
0.257315 0.667481
0.256513 0.665358
0.255711 0.663217
0.254910 0.661058
0.254108 0.658880
0.253307 0.656683
0.252505 0.654467
0.251703 0.652233
0.250902 0.649979
0.250100 0.647705
0.249299 0.645411
0.248497 0.643093
0.247695 0.640759
0.246894 0.638404
0.246092 0.636029
0.245291 0.633632
0.244489 0.631215
0.243687 0.628776
0.242886 0.626315
0.242084 0.623833
0.241283 0.621328
0.240481 0.618796
0.239679 0.616245
0.238878 0.613672
0.238076 0.611075
0.237275 0.608455
0.236473 0.605811
0.235671 0.603143
0.234870 0.600451
0.234068 0.597734
0.233267 0.594986
0.232465 0.592219
0.231663 0.589425
0.230862 0.586606
0.230060 0.583761
0.229259 0.580889
0.228457 0.577990
0.227655 0.575065
0.226854 0.572105
0.226052 0.569124
0.225251 0.566114
0.224449 0.563075
0.223647 0.560008
0.222846 0.556912
0.222044 0.553785
0.221242 0.550623
0.220441 0.547436
0.219639 0.544218
0.218838 0.540970
0.218036 0.537689
0.217234 0.534377
0.216433 0.531026
0.215631 0.527648
0.214830 0.524237
0.214028 0.520792
0.213226 0.517313
0.212425 0.513800
0.211623 0.510245
0.210822 0.506660
0.210020 0.503040
0.209218 0.499384
0.208417 0.495691
0.207615 0.491953
0.206814 0.488184
0.206012 0.484377
0.205210 0.480530
0.204409 0.476638
0.203607 0.472712
0.202806 0.468746
0.202004 0.464738
0.201202 0.460682
0.200401 0.456591
0.199599 0.452456
0.198798 0.448279
0.197996 0.444050
0.197194 0.439783
0.196393 0.435471
0.195591 0.431107
0.194790 0.426702
0.193988 0.422250
0.193186 0.417744
0.192385 0.413196
0.191583 0.408598
0.190782 0.403944
0.189980 0.399245
0.189178 0.394496
0.188377 0.389686
0.187575 0.384832
0.186774 0.379916
0.185972 0.374952
0.185170 0.369927
0.184369 0.364852
0.183567 0.359720
0.182766 0.354523
0.181964 0.349275
0.181162 0.343959
0.180361 0.338583
0.179559 0.333153
0.178758 0.327653
0.177956 0.322097
0.177154 0.316470
0.176353 0.310777
0.175551 0.305026
0.174749 0.299199
0.173948 0.293304
0.173146 0.287340
0.172345 0.281305
0.171543 0.275206
0.170741 0.269027
0.169940 0.262774
0.169138 0.256446
0.168337 0.250042
0.167535 0.243551
0.166733 0.236991
0.165932 0.230351
0.165130 0.223630
0.164329 0.216817
0.163527 0.209930
0.162725 0.202949
0.161924 0.195881
0.161122 0.188727
0.160321 0.181483
0.159519 0.174148
0.158717 0.166722
0.157916 0.159194
0.157114 0.151572
0.156313 0.143855
0.155511 0.136041
0.154709 0.128120
0.153908 0.120100
0.153106 0.111971
0.152305 0.103734
0.151503 0.095396
0.150701 0.086950
0.149900 0.078387
0.149098 0.069720
0.148297 0.060946
0.147495 0.052055
0.146693 0.043067
0.145892 0.033989
0.145090 0.024861
0.144289 0.015805
0.143487 0.007409
0.142685 0.002374
0.141884 0.000171
0.141082 0.000002
0.140281 0.000007
0.139479 0.000010
0.138677 0.000012
0.137876 0.000014
0.137074 0.000015
0.136273 0.000015
0.135471 0.000015
0.134669 0.000016
0.133868 0.000016
0.133066 0.000015
0.132265 0.000015
0.131463 0.000015
0.130661 0.000015
0.129860 0.000016
0.129058 0.000016
0.128257 0.000016
0.127455 0.000016
0.126653 0.000015
0.125852 0.000016
0.125050 0.000016
0.124248 0.000014
0.123447 0.000015
0.122645 0.000014
0.121844 0.000014
0.121042 0.000014
0.120240 0.000014
0.119439 0.000015
0.118637 0.000013
0.117836 0.000014
0.117034 0.000012
0.116232 0.000014
0.115431 0.000013
0.114629 0.000012
0.113828 0.000015
0.113026 0.000014
0.112224 0.000014
0.111423 0.000014
0.110621 0.000014
0.109820 0.000014
0.109018 0.000011
0.108216 0.000011
0.107415 0.000012
0.106613 0.000013
0.105812 0.000014
0.105010 0.000011
0.104208 0.000012
0.103407 0.000013
0.102605 0.000010
0.101804 0.000012
0.101002 0.000014
0.100200 0.000011
0.099399 0.000013
0.098597 0.000010
0.097796 0.000012
0.096994 0.000010
0.096192 0.000012
0.095391 0.000010
0.094589 0.000013
0.093788 0.000010
0.092986 0.000008
0.092184 0.000011
0.091383 0.000009
0.090581 0.000012
0.089780 0.000010
0.088978 0.000008
0.088176 0.000011
0.087375 0.000009
0.086573 0.000008
0.085772 0.000011
0.084970 0.000009
0.084168 0.000007
0.083367 0.000011
0.082565 0.000009
0.081764 0.000007
0.080962 0.000011
0.080160 0.000009
0.079359 0.000008
0.078557 0.000007
0.077756 0.000010
0.076954 0.000009
0.076152 0.000007
0.075351 0.000006
0.074549 0.000010
0.073747 0.000008
0.072946 0.000007
0.072144 0.000006
0.071343 0.000005
0.070541 0.000009
0.069739 0.000007
0.068938 0.000006
0.068136 0.000005
0.067335 0.000004
0.066533 0.000004
0.065731 0.000007
0.064930 0.000006
0.064128 0.000005
0.063327 0.000004
0.062525 0.000003
0.061723 0.000007
0.060922 0.000006
0.060120 0.000005
0.059319 0.000004
0.058517 0.000003
0.057715 0.000003
0.056914 0.000002
0.056112 0.000005
0.055311 0.000005
0.054509 0.000004
0.053707 0.000003
0.052906 0.000003
0.052104 0.000002
0.051303 0.000002
0.050501 0.000005
0.049699 0.000004
0.048898 0.000003
0.048096 0.000003
0.047295 0.000002
0.046493 0.000002
0.045691 0.000002
0.044890 0.000004
0.044088 0.000003
0.043287 0.000003
0.042485 0.000002
0.041683 0.000002
0.040882 0.000002
0.040080 0.000001
0.039279 0.000001
0.038477 0.000001
0.037675 0.000003
0.036874 0.000002
0.036072 0.000002
0.035271 0.000002
0.034469 0.000001
0.033667 0.000001
0.032866 0.000001
0.032064 0.000001
0.031263 0.000001
0.030461 0.000000
0.029659 0.000000
0.028858 0.000000
0.028056 0.000000
0.027255 0.000000
0.026453 0.000000
0.025651 0.000000
0.024850 0.000000
0.024048 0.000000
0.023246 0.000000
0.022445 0.000000
0.021643 0.000000
0.020842 0.000000
0.020040 0.000000
0.019238 0.000000
0.018437 0.000000
0.017635 0.000000
0.016834 0.000000
0.016032 0.000000
0.015230 0.000000
0.014429 0.000000
0.013627 0.000000
0.012826 0.000000
0.012024 0.000000
0.011222 0.000000
0.010421 0.000000
0.009619 0.000000
0.008818 0.000000
0.008016 0.000000
0.007214 0.000000
0.006413 0.000000
0.005611 0.000000
0.004810 0.000000
0.004008 0.000000
0.003206 0.000000
0.002405 0.000000
0.001603 0.000000
0.000802 0.000000
0.000000 0.000000
