0.400000 0.889825
0.399198 0.889218
0.398397 0.888608
0.397595 0.887993
0.396794 0.887375
0.395992 0.886752
0.395190 0.886125
0.394389 0.885495
0.393587 0.884860
0.392786 0.884221
0.391984 0.883578
0.391182 0.882930
0.390381 0.882279
0.389579 0.881623
0.388778 0.880962
0.387976 0.880298
0.387174 0.879629
0.386373 0.878955
0.385571 0.878277
0.384770 0.877595
0.383968 0.876908
0.383166 0.876216
0.382365 0.875520
0.381563 0.874819
0.380762 0.874114
0.379960 0.873403
0.379158 0.872688
0.378357 0.871969
0.377555 0.871244
0.376754 0.870514
0.375952 0.869780
0.375150 0.869041
0.374349 0.868296
0.373547 0.867547
0.372745 0.866792
0.371944 0.866033
0.371142 0.865268
0.370341 0.864498
0.369539 0.863723
0.368737 0.862942
0.367936 0.862157
0.367134 0.861365
0.366333 0.860569
0.365531 0.859767
0.364729 0.858959
0.363928 0.858146
0.363126 0.857327
0.362325 0.856503
0.361523 0.855672
0.360721 0.854836
0.359920 0.853995
0.359118 0.853147
0.358317 0.852294
0.357515 0.851434
0.356713 0.850569
0.355912 0.849698
0.355110 0.848820
0.354309 0.847936
0.353507 0.847047
0.352705 0.846150
0.351904 0.845248
0.351102 0.844339
0.350301 0.843424
0.349499 0.842502
0.348697 0.841574
0.347896 0.840639
0.347094 0.839698
0.346293 0.838750
0.345491 0.837795
0.344689 0.836833
0.343888 0.835864
0.343086 0.834889
0.342285 0.833906
0.341483 0.832917
0.340681 0.831920
0.339880 0.830916
0.339078 0.829905
0.338277 0.828887
0.337475 0.827861
0.336673 0.826827
0.335872 0.825787
0.335070 0.824738
0.334269 0.823679
0.333467 0.822615
0.332665 0.821544
0.331864 0.820464
0.331062 0.819377
0.330261 0.818282
0.329459 0.817178
0.328657 0.816067
0.327856 0.814947
0.327054 0.813819
0.326253 0.812682
0.325451 0.811538
0.324649 0.810384
0.323848 0.809222
0.323046 0.808052
0.322244 0.806872
0.321443 0.805684
0.320641 0.804487
0.319840 0.803280
0.319038 0.802065
0.318236 0.800841
0.317435 0.799607
0.316633 0.798364
0.315832 0.797112
0.315030 0.795850
0.314228 0.794578
0.313427 0.793297
0.312625 0.792006
0.311824 0.790705
0.311022 0.789394
0.310220 0.788073
0.309419 0.786742
0.308617 0.785400
0.307816 0.784048
0.307014 0.782686
0.306212 0.781313
0.305411 0.779930
0.304609 0.778535
0.303808 0.777130
0.303006 0.775714
0.302204 0.774287
0.301403 0.772849
0.300601 0.771399
0.299800 0.769938
0.298998 0.768465
0.298196 0.766981
0.297395 0.765485
0.296593 0.763973
0.295792 0.762453
0.294990 0.760921
0.294188 0.759377
0.293387 0.757820
0.292585 0.756251
0.291784 0.754669
0.290982 0.753075
0.290180 0.751467
0.289379 0.749847
0.288577 0.748214
0.287776 0.746567
0.286974 0.744907
0.286172 0.743233
0.285371 0.741546
0.284569 0.739845
0.283768 0.738130
0.282966 0.736401
0.282164 0.734658
0.281363 0.732900
0.280561 0.731128
0.279760 0.729341
0.278958 0.727540
0.278156 0.725723
0.277355 0.723891
0.276553 0.722044
0.275752 0.720182
0.274950 0.718304
0.274148 0.716410
0.273347 0.714495
0.272545 0.712569
0.271743 0.710627
0.270942 0.708668
0.270140 0.706692
0.269339 0.704700
0.268537 0.702691
0.267735 0.700664
0.266934 0.698620
0.266132 0.696559
0.265331 0.694479
0.264529 0.692382
0.263727 0.690267
0.262926 0.688133
0.262124 0.685981
0.261323 0.683810
0.260521 0.681620
0.259719 0.679411
0.258918 0.677182
0.258116 0.674934
0.257315 0.672666
0.256513 0.670373
0.255711 0.668065
0.254910 0.665736
0.254108 0.663387
0.253307 0.661016
0.252505 0.658624
0.251703 0.656211
0.250902 0.653776
0.250100 0.651320
0.249299 0.648841
0.248497 0.646339
0.247695 0.643815
0.246894 0.641268
0.246092 0.638698
0.245291 0.636104
0.244489 0.633486
0.243687 0.630845
0.242886 0.628173
0.242084 0.625483
0.241283 0.622767
0.240481 0.620026
0.239679 0.617260
0.238878 0.614467
0.238076 0.611649
0.237275 0.608804
0.236473 0.605933
0.235671 0.603034
0.234870 0.600108
0.234068 0.597155
0.233267 0.594173
0.232465 0.591157
0.231663 0.588118
0.230862 0.585049
0.230060 0.581952
0.229259 0.578824
0.228457 0.575666
0.227655 0.572478
0.226854 0.569258
0.226052 0.566008
0.225251 0.562725
0.224449 0.559411
0.223647 0.556057
0.222846 0.552677
0.222044 0.549263
0.221242 0.545815
0.220441 0.542333
0.219639 0.538817
0.218838 0.535265
0.218036 0.531678
0.217234 0.528054
0.216433 0.524388
0.215631 0.520691
0.214830 0.516956
0.214028 0.513183
0.213226 0.509372
0.212425 0.505522
0.211623 0.501633
0.210822 0.497696
0.210020 0.493726
0.209218 0.489714
0.208417 0.485661
0.207615 0.481566
0.206814 0.477427
0.206012 0.473246
0.205210 0.469013
0.204409 0.464743
0.203607 0.460427
0.202806 0.456065
0.202004 0.451657
0.201202 0.447195
0.200401 0.442692
0.199599 0.438141
0.198798 0.433540
0.197996 0.428890
0.197194 0.424182
0.196393 0.419429
0.195591 0.414625
0.194790 0.409768
0.193988 0.404850
0.193186 0.399886
0.192385 0.394866
0.191583 0.389790
0.190782 0.384650
0.189980 0.379460
0.189178 0.374212
0.188377 0.368897
0.187575 0.363530
0.186774 0.358101
0.185972 0.352603
0.185170 0.347050
0.184369 0.341433
0.183567 0.335744
0.182766 0.329997
0.181964 0.324175
0.181162 0.318294
0.180361 0.312344
0.179559 0.306315
0.178758 0.300225
0.177956 0.294054
0.177154 0.287810
0.176353 0.281500
0.175551 0.275107
0.174749 0.268645
0.173948 0.262098
0.173146 0.255471
0.172345 0.248765
0.171543 0.241985
0.170741 0.235114
0.169940 0.228160
0.169138 0.221120
0.168337 0.213993
0.167535 0.206779
0.166733 0.199467
0.165932 0.192072
0.165130 0.184586
0.164329 0.176997
0.163527 0.169322
0.162725 0.161542
0.161924 0.153665
0.161122 0.145688
0.160321 0.137603
0.159519 0.129415
0.158717 0.121126
0.157916 0.112732
0.157114 0.104226
0.156313 0.095606
0.155511 0.086882
0.154709 0.078046
0.153908 0.069092
0.153106 0.060034
0.152305 0.050854
0.151503 0.041591
0.150701 0.032238
0.149900 0.022857
0.149098 0.013644
0.148297 0.005633
0.147495 0.001893
0.146693 0.000952
0.145892 0.000620
0.145090 0.000459
0.144289 0.000360
0.143487 0.000296
0.142685 0.000253
0.141884 0.000212
0.141082 0.000192
0.140281 0.000172
0.139479 0.000152
0.138677 0.000142
0.137876 0.000122
0.137074 0.000113
0.136273 0.000104
0.135471 0.000095
0.134669 0.000086
0.133868 0.000077
0.133066 0.000069
0.132265 0.000062
0.131463 0.000054
0.130661 0.000048
0.129860 0.000042
0.129058 0.000036
0.128257 0.000031
0.127455 0.000027
0.126653 0.000023
0.125852 0.000019
0.125050 0.000016
0.124248 0.000014
0.123447 0.000011
0.122645 0.000009
0.121844 0.000008
0.121042 0.000006
0.120240 0.000005
0.119439 0.000004
0.118637 0.000003
0.117836 0.000003
0.117034 0.000002
0.116232 0.000002
0.115431 0.000001
0.114629 0.000001
0.113828 0.000001
0.113026 0.000001
0.112224 0.000000
0.111423 0.000000
0.110621 0.000000
0.109820 0.000000
0.109018 0.000000
0.108216 0.000000
0.107415 0.000000
0.106613 0.000000
0.105812 0.000000
0.105010 0.000000
0.104208 0.000000
0.103407 0.000000
0.102605 0.000000
0.101804 0.000000
0.101002 0.000000
0.100200 0.000000
0.099399 0.000000
0.098597 0.000000
0.097796 0.000000
0.096994 0.000000
0.096192 0.000000
0.095391 0.000000
0.094589 0.000000
0.093788 0.000000
0.092986 0.000000
0.092184 0.000000
0.091383 0.000000
0.090581 0.000000
0.089780 0.000000
0.088978 0.000000
0.088176 0.000000
0.087375 0.000000
0.086573 0.000000
0.085772 0.000000
0.084970 0.000000
0.084168 0.000000
0.083367 0.000000
0.082565 0.000000
0.081764 0.000000
0.080962 0.000000
0.080160 0.000000
0.079359 0.000000
0.078557 0.000000
0.077756 0.000000
0.076954 0.000000
0.076152 0.000000
0.075351 0.000000
0.074549 0.000000
0.073747 0.000000
0.072946 0.000000
0.072144 0.000000
0.071343 0.000000
0.070541 0.000000
0.069739 0.000000
0.068938 0.000000
0.068136 0.000000
0.067335 0.000000
0.066533 0.000000
0.065731 0.000000
0.064930 0.000000
0.064128 0.000000
0.063327 0.000000
0.062525 0.000000
0.061723 0.000000
0.060922 0.000000
0.060120 0.000000
0.059319 0.000000
0.058517 0.000000
0.057715 0.000000
0.056914 0.000000
0.056112 0.000000
0.055311 0.000000
0.054509 0.000000
0.053707 0.000000
0.052906 0.000000
0.052104 0.000000
0.051303 0.000000
0.050501 0.000000
0.049699 0.000000
0.048898 0.000000
0.048096 0.000000
0.047295 0.000000
0.046493 0.000000
0.045691 0.000000
0.044890 0.000000
0.044088 0.000000
0.043287 0.000000
0.042485 0.000000
0.041683 0.000000
0.040882 0.000000
0.040080 0.000000
0.039279 0.000000
0.038477 0.000000
0.037675 0.000000
0.036874 0.000000
0.036072 0.000000
0.035271 0.000000
0.034469 0.000000
0.033667 0.000000
0.032866 0.000000
0.032064 0.000000
0.031263 0.000000
0.030461 0.000000
0.029659 0.000000
0.028858 0.000000
0.028056 0.000000
0.027255 0.000000
0.026453 0.000000
0.025651 0.000000
0.024850 0.000000
0.024048 0.000000
0.023246 0.000000
0.022445 0.000000
0.021643 0.000000
0.020842 0.000000
0.020040 0.000000
0.019238 0.000000
0.018437 0.000000
0.017635 0.000000
0.016834 0.000000
0.016032 0.000000
0.015230 0.000000
0.014429 0.000000
0.013627 0.000000
0.012826 0.000000
0.012024 0.000000
0.011222 0.000000
0.010421 0.000000
0.009619 0.000000
0.008818 0.000000
0.008016 0.000000
0.007214 0.000000
0.006413 0.000000
0.005611 0.000000
0.004810 0.000000
0.004008 0.000000
0.003206 0.000000
0.002405 0.000000
0.001603 0.000000
0.000802 0.000000
0.000000 0.000000
