0.400000 0.893655
0.399198 0.893094
0.398397 0.892530
0.397595 0.891961
0.396794 0.891390
0.395992 0.890815
0.395190 0.890236
0.394389 0.889654
0.393587 0.889068
0.392786 0.888479
0.391984 0.887886
0.391182 0.887290
0.390381 0.886690
0.389579 0.886086
0.388778 0.885479
0.387976 0.884868
0.387174 0.884253
0.386373 0.883634
0.385571 0.883011
0.384770 0.882385
0.383968 0.881755
0.383166 0.881121
0.382365 0.880483
0.381563 0.879841
0.380762 0.879195
0.379960 0.878545
0.379158 0.877891
0.378357 0.877232
0.377555 0.876570
0.376754 0.875903
0.375952 0.875233
0.375150 0.874559
0.374349 0.873880
0.373547 0.873197
0.372745 0.872509
0.371944 0.871818
0.371142 0.871122
0.370341 0.870422
0.369539 0.869717
0.368737 0.869008
0.367936 0.868294
0.367134 0.867576
0.366333 0.866854
0.365531 0.866126
0.364729 0.865395
0.363928 0.864658
0.363126 0.863917
0.362325 0.863171
0.361523 0.862421
0.360721 0.861665
0.359920 0.860905
0.359118 0.860140
0.358317 0.859370
0.357515 0.858596
0.356713 0.857816
0.355912 0.857031
0.355110 0.856241
0.354309 0.855446
0.353507 0.854646
0.352705 0.853841
0.351904 0.853031
0.351102 0.852215
0.350301 0.851394
0.349499 0.850568
0.348697 0.849737
0.347896 0.848900
0.347094 0.848058
0.346293 0.847210
0.345491 0.846356
0.344689 0.845497
0.343888 0.844633
0.343086 0.843763
0.342285 0.842887
0.341483 0.842005
0.340681 0.841118
0.339880 0.840225
0.339078 0.839325
0.338277 0.838420
0.337475 0.837509
0.336673 0.836592
0.335872 0.835669
0.335070 0.834740
0.334269 0.833805
0.333467 0.832863
0.332665 0.831915
0.331864 0.830961
0.331062 0.830000
0.330261 0.829033
0.329459 0.828060
0.328657 0.827080
0.327856 0.826093
0.327054 0.825100
0.326253 0.824100
0.325451 0.823094
0.324649 0.822080
0.323848 0.821060
0.323046 0.820033
0.322244 0.818999
0.321443 0.817957
0.320641 0.816909
0.319840 0.815854
0.319038 0.814791
0.318236 0.813721
0.317435 0.812644
0.316633 0.811560
0.315832 0.810468
0.315030 0.809368
0.314228 0.808261
0.313427 0.807147
0.312625 0.806025
0.311824 0.804894
0.311022 0.803757
0.310220 0.802608
0.309419 0.801454
0.308617 0.800293
0.307816 0.799123
0.307014 0.797945
0.306212 0.796758
0.305411 0.795564
0.304609 0.794361
0.303808 0.793149
0.303006 0.791929
0.302204 0.790701
0.301403 0.789463
0.300601 0.788217
0.299800 0.786962
0.298998 0.785699
0.298196 0.784426
0.297395 0.783144
0.296593 0.781853
0.295792 0.780553
0.294990 0.779244
0.294188 0.777925
0.293387 0.776597
0.292585 0.775259
0.291784 0.773912
0.290982 0.772554
0.290180 0.771188
0.289379 0.769811
0.288577 0.768424
0.287776 0.767027
0.286974 0.765620
0.286172 0.764202
0.285371 0.762775
0.284569 0.761336
0.283768 0.759888
0.282966 0.758428
0.282164 0.756958
0.281363 0.755477
0.280561 0.753985
0.279760 0.752483
0.278958 0.750968
0.278156 0.749443
0.277355 0.747906
0.276553 0.746358
0.275752 0.744799
0.274950 0.743227
0.274148 0.741644
0.273347 0.740049
0.272545 0.738442
0.271743 0.736823
0.270942 0.735191
0.270140 0.733547
0.269339 0.731891
0.268537 0.730218
0.267735 0.728536
0.266934 0.726842
0.266132 0.725134
0.265331 0.723413
0.264529 0.721679
0.263727 0.719932
0.262926 0.718171
0.262124 0.716397
0.261323 0.714609
0.260521 0.712807
0.259719 0.710990
0.258918 0.709160
0.258116 0.707316
0.257315 0.705456
0.256513 0.703583
0.255711 0.701694
0.254910 0.699791
0.254108 0.697873
0.253307 0.695939
0.252505 0.693990
0.251703 0.692026
0.250902 0.690045
0.250100 0.688049
0.249299 0.686037
0.248497 0.684009
0.247695 0.681965
0.246894 0.679904
0.246092 0.677826
0.245291 0.675731
0.244489 0.673620
0.243687 0.671486
0.242886 0.669340
0.242084 0.667176
0.241283 0.664994
0.240481 0.662794
0.239679 0.660576
0.238878 0.658340
0.238076 0.656085
0.237275 0.653811
0.236473 0.651519
0.235671 0.649207
0.234870 0.646876
0.234068 0.644525
0.233267 0.642155
0.232465 0.639764
0.231663 0.637353
0.230862 0.634922
0.230060 0.632470
0.229259 0.629997
0.228457 0.627503
0.227655 0.624987
0.226854 0.622445
0.226052 0.619886
0.225251 0.617304
0.224449 0.614700
0.223647 0.612074
0.222846 0.609424
0.222044 0.606752
0.221242 0.604055
0.220441 0.601336
0.219639 0.598592
0.218838 0.595823
0.218036 0.593031
0.217234 0.590213
0.216433 0.587370
0.215631 0.584502
0.214830 0.581607
0.214028 0.578682
0.213226 0.575735
0.212425 0.572761
0.211623 0.569760
0.210822 0.566732
0.210020 0.563677
0.209218 0.560593
0.208417 0.557480
0.207615 0.554339
0.206814 0.551169
0.206012 0.547969
0.205210 0.544740
0.204409 0.541480
0.203607 0.538184
0.202806 0.534862
0.202004 0.531509
0.201202 0.528124
0.200401 0.524707
0.199599 0.521257
0.198798 0.517775
0.197996 0.514258
0.197194 0.510708
0.196393 0.507124
0.195591 0.503498
0.194790 0.499843
0.193988 0.496153
0.193186 0.492426
0.192385 0.488662
0.191583 0.484861
0.190782 0.481023
0.189980 0.477146
0.189178 0.473231
0.188377 0.469269
0.187575 0.465275
0.186774 0.461239
0.185972 0.457163
0.185170 0.453046
0.184369 0.448886
0.183567 0.444677
0.182766 0.440431
0.181964 0.436141
0.181162 0.431807
0.180361 0.427428
0.179559 0.423003
0.178758 0.418524
0.177956 0.414005
0.177154 0.409438
0.176353 0.404823
0.175551 0.400158
0.174749 0.395437
0.173948 0.390671
0.173146 0.385854
0.172345 0.380985
0.171543 0.376063
0.170741 0.371080
0.169940 0.366049
0.169138 0.360963
0.168337 0.355821
0.167535 0.350613
0.166733 0.345356
0.165932 0.340039
0.165130 0.334654
0.164329 0.329217
0.163527 0.323717
0.162725 0.318147
0.161924 0.312521
0.161122 0.306830
0.160321 0.301066
0.159519 0.295242
0.158717 0.289343
0.157916 0.283382
0.157114 0.277343
0.156313 0.271241
0.155511 0.265058
0.154709 0.258809
0.153908 0.252477
0.153106 0.246069
0.152305 0.239592
0.151503 0.233028
0.150701 0.226383
0.149900 0.219658
0.149098 0.212857
0.148297 0.205964
0.147495 0.198986
0.146693 0.191920
0.145892 0.184766
0.145090 0.177513
0.144289 0.170178
0.143487 0.162741
0.142685 0.155218
0.141884 0.147590
0.141082 0.139865
0.140281 0.132041
0.139479 0.124117
0.138677 0.116082
0.137876 0.107945
0.137074 0.099695
0.136273 0.091332
0.135471 0.082856
0.134669 0.074268
0.133868 0.065555
0.133066 0.056729
0.132265 0.047785
0.131463 0.038713
0.130661 0.029529
0.129860 0.020234
0.129058 0.010887
0.128257 0.002323
0.127455 0.000345
0.126653 0.000167
0.125852 0.000109
0.125050 0.000082
0.124248 0.000063
0.123447 0.000051
0.122645 0.000045
0.121844 0.000038
0.121042 0.000034
0.120240 0.000029
0.119439 0.000027
0.118637 0.000025
0.117836 0.000023
0.117034 0.000021
0.116232 0.000019
0.115431 0.000017
0.114629 0.000015
0.113828 0.000013
0.113026 0.000011
0.112224 0.000010
0.111423 0.000009
0.110621 0.000007
0.109820 0.000006
0.109018 0.000005
0.108216 0.000004
0.107415 0.000004
0.106613 0.000003
0.105812 0.000002
0.105010 0.000002
0.104208 0.000002
0.103407 0.000001
0.102605 0.000001
0.101804 0.000001
0.101002 0.000001
0.100200 0.000000
0.099399 0.000000
0.098597 0.000000
0.097796 0.000000
0.096994 0.000000
0.096192 0.000000
0.095391 0.000000
0.094589 0.000000
0.093788 0.000000
0.092986 0.000000
0.092184 0.000000
0.091383 0.000000
0.090581 0.000000
0.089780 0.000000
0.088978 0.000000
0.088176 0.000000
0.087375 0.000000
0.086573 0.000000
0.085772 0.000000
0.084970 0.000000
0.084168 0.000000
0.083367 0.000000
0.082565 0.000000
0.081764 0.000000
0.080962 0.000000
0.080160 0.000000
0.079359 0.000000
0.078557 0.000000
0.077756 0.000000
0.076954 0.000000
0.076152 0.000000
0.075351 0.000000
0.074549 0.000000
0.073747 0.000000
0.072946 0.000000
0.072144 0.000000
0.071343 0.000000
0.070541 0.000000
0.069739 0.000000
0.068938 0.000000
0.068136 0.000000
0.067335 0.000000
0.066533 0.000000
0.065731 0.000000
0.064930 0.000000
0.064128 0.000000
0.063327 0.000000
0.062525 0.000000
0.061723 0.000000
0.060922 0.000000
0.060120 0.000000
0.059319 0.000000
0.058517 0.000000
0.057715 0.000000
0.056914 0.000000
0.056112 0.000000
0.055311 0.000000
0.054509 0.000000
0.053707 0.000000
0.052906 0.000000
0.052104 0.000000
0.051303 0.000000
0.050501 0.000000
0.049699 0.000000
0.048898 0.000000
0.048096 0.000000
0.047295 0.000000
0.046493 0.000000
0.045691 0.000000
0.044890 0.000000
0.044088 0.000000
0.043287 0.000000
0.042485 0.000000
0.041683 0.000000
0.040882 0.000000
0.040080 0.000000
0.039279 0.000000
0.038477 0.000000
0.037675 0.000000
0.036874 0.000000
0.036072 0.000000
0.035271 0.000000
0.034469 0.000000
0.033667 0.000000
0.032866 0.000000
0.032064 0.000000
0.031263 0.000000
0.030461 0.000000
0.029659 0.000000
0.028858 0.000000
0.028056 0.000000
0.027255 0.000000
0.026453 0.000000
0.025651 0.000000
0.024850 0.000000
0.024048 0.000000
0.023246 0.000000
0.022445 0.000000
0.021643 0.000000
0.020842 0.000000
0.020040 0.000000
0.019238 0.000000
0.018437 0.000000
0.017635 0.000000
0.016834 0.000000
0.016032 0.000000
0.015230 0.000000
0.014429 0.000000
0.013627 0.000000
0.012826 0.000000
0.012024 0.000000
0.011222 0.000000
0.010421 0.000000
0.009619 0.000000
0.008818 0.000000
0.008016 0.000000
0.007214 0.000000
0.006413 0.000000
0.005611 0.000000
0.004810 0.000000
0.004008 0.000000
0.003206 0.000000
0.002405 0.000000
0.001603 0.000000
0.000802 0.000000
0.000000 0.000000
