0.400000 0.872874
0.399198 0.872427
0.398397 0.871977
0.397595 0.871525
0.396794 0.871071
0.395992 0.870614
0.395190 0.870155
0.394389 0.869694
0.393587 0.869230
0.392786 0.868764
0.391984 0.868296
0.391182 0.867825
0.390381 0.867352
0.389579 0.866877
0.388778 0.866399
0.387976 0.865918
0.387174 0.865435
0.386373 0.864950
0.385571 0.864462
0.384770 0.863972
0.383968 0.863479
0.383166 0.862983
0.382365 0.862485
0.381563 0.861985
0.380762 0.861482
0.379960 0.860976
0.379158 0.860467
0.378357 0.859956
0.377555 0.859442
0.376754 0.858926
0.375952 0.858407
0.375150 0.857885
0.374349 0.857360
0.373547 0.856833
0.372745 0.856303
0.371944 0.855770
0.371142 0.855234
0.370341 0.854695
0.369539 0.854154
0.368737 0.853609
0.367936 0.853062
0.367134 0.852512
0.366333 0.851959
0.365531 0.851403
0.364729 0.850844
0.363928 0.850282
0.363126 0.849717
0.362325 0.849149
0.361523 0.848578
0.360721 0.848004
0.359920 0.847426
0.359118 0.846846
0.358317 0.846263
0.357515 0.845676
0.356713 0.845086
0.355912 0.844493
0.355110 0.843897
0.354309 0.843297
0.353507 0.842694
0.352705 0.842088
0.351904 0.841479
0.351102 0.840866
0.350301 0.840250
0.349499 0.839630
0.348697 0.839007
0.347896 0.838381
0.347094 0.837751
0.346293 0.837117
0.345491 0.836480
0.344689 0.835840
0.343888 0.835196
0.343086 0.834548
0.342285 0.833897
0.341483 0.833242
0.340681 0.832584
0.339880 0.831921
0.339078 0.831255
0.338277 0.830586
0.337475 0.829912
0.336673 0.829235
0.335872 0.828554
0.335070 0.827869
0.334269 0.827180
0.333467 0.826487
0.332665 0.825790
0.331864 0.825089
0.331062 0.824384
0.330261 0.823675
0.329459 0.822962
0.328657 0.822245
0.327856 0.821524
0.327054 0.820799
0.326253 0.820069
0.325451 0.819335
0.324649 0.818597
0.323848 0.817854
0.323046 0.817108
0.322244 0.816357
0.321443 0.815601
0.320641 0.814841
0.319840 0.814077
0.319038 0.813308
0.318236 0.812534
0.317435 0.811756
0.316633 0.810973
0.315832 0.810186
0.315030 0.809394
0.314228 0.808597
0.313427 0.807795
0.312625 0.806989
0.311824 0.806178
0.311022 0.805362
0.310220 0.804541
0.309419 0.803715
0.308617 0.802884
0.307816 0.802048
0.307014 0.801207
0.306212 0.800360
0.305411 0.799509
0.304609 0.798652
0.303808 0.797790
0.303006 0.796923
0.302204 0.796051
0.301403 0.795173
0.300601 0.794289
0.299800 0.793401
0.298998 0.792506
0.298196 0.791606
0.297395 0.790701
0.296593 0.789789
0.295792 0.788873
0.294990 0.787950
0.294188 0.787021
0.293387 0.786087
0.292585 0.785147
0.291784 0.784200
0.290982 0.783248
0.290180 0.782290
0.289379 0.781325
0.288577 0.780355
0.287776 0.779378
0.286974 0.778395
0.286172 0.777405
0.285371 0.776409
0.284569 0.775407
0.283768 0.774398
0.282966 0.773382
0.282164 0.772360
0.281363 0.771332
0.280561 0.770296
0.279760 0.769254
0.278958 0.768204
0.278156 0.767148
0.277355 0.766085
0.276553 0.765015
0.275752 0.763938
0.274950 0.762853
0.274148 0.761761
0.273347 0.760662
0.272545 0.759556
0.271743 0.758442
0.270942 0.757319
0.270140 0.756190
0.269339 0.755053
0.268537 0.753908
0.267735 0.752756
0.266934 0.751595
0.266132 0.750427
0.265331 0.749251
0.264529 0.748066
0.263727 0.746874
0.262926 0.745673
0.262124 0.744463
0.261323 0.743246
0.260521 0.742019
0.259719 0.740784
0.258918 0.739541
0.258116 0.738288
0.257315 0.737027
0.256513 0.735757
0.255711 0.734478
0.254910 0.733189
0.254108 0.731891
0.253307 0.730584
0.252505 0.729268
0.251703 0.727942
0.250902 0.726606
0.250100 0.725261
0.249299 0.723906
0.248497 0.722541
0.247695 0.721166
0.246894 0.719781
0.246092 0.718386
0.245291 0.716980
0.244489 0.715564
0.243687 0.714137
0.242886 0.712700
0.242084 0.711252
0.241283 0.709793
0.240481 0.708323
0.239679 0.706842
0.238878 0.705349
0.238076 0.703846
0.237275 0.702330
0.236473 0.700804
0.235671 0.699265
0.234870 0.697715
0.234068 0.696152
0.233267 0.694578
0.232465 0.692991
0.231663 0.691392
0.230862 0.689780
0.230060 0.688156
0.229259 0.686519
0.228457 0.684868
0.227655 0.683205
0.226854 0.681529
0.226052 0.679839
0.225251 0.678135
0.224449 0.676418
0.223647 0.674687
0.222846 0.672942
0.222044 0.671179
0.221242 0.669406
0.220441 0.667617
0.219639 0.665814
0.218838 0.663996
0.218036 0.662163
0.217234 0.660315
0.216433 0.658452
0.215631 0.656572
0.214830 0.654678
0.214028 0.652767
0.213226 0.650839
0.212425 0.648896
0.211623 0.646936
0.210822 0.644959
0.210020 0.642965
0.209218 0.640954
0.208417 0.638926
0.207615 0.636880
0.206814 0.634816
0.206012 0.632734
0.205210 0.630634
0.204409 0.628515
0.203607 0.626378
0.202806 0.624221
0.202004 0.622046
0.201202 0.619851
0.200401 0.617636
0.199599 0.615401
0.198798 0.613146
0.197996 0.610866
0.197194 0.608570
0.196393 0.606252
0.195591 0.603913
0.194790 0.601552
0.193988 0.599170
0.193186 0.596765
0.192385 0.594337
0.191583 0.591887
0.190782 0.589414
0.189980 0.586917
0.189178 0.584397
0.188377 0.581852
0.187575 0.579283
0.186774 0.576689
0.185972 0.574071
0.185170 0.571426
0.184369 0.568756
0.183567 0.566060
0.182766 0.563337
0.181964 0.560587
0.181162 0.557805
0.180361 0.555000
0.179559 0.552167
0.178758 0.549305
0.177956 0.546414
0.177154 0.543494
0.176353 0.540544
0.175551 0.537564
0.174749 0.534553
0.173948 0.531511
0.173146 0.528437
0.172345 0.525331
0.171543 0.522193
0.170741 0.519021
0.169940 0.515816
0.169138 0.512572
0.168337 0.509298
0.167535 0.505989
0.166733 0.502643
0.165932 0.499262
0.165130 0.495844
0.164329 0.492388
0.163527 0.488894
0.162725 0.485362
0.161924 0.481790
0.161122 0.478178
0.160321 0.474521
0.159519 0.470827
0.158717 0.467091
0.157916 0.463313
0.157114 0.459492
0.156313 0.455626
0.155511 0.451716
0.154709 0.447760
0.153908 0.443758
0.153106 0.439703
0.152305 0.435605
0.151503 0.431459
0.150701 0.427263
0.149900 0.423017
0.149098 0.418720
0.148297 0.414370
0.147495 0.409961
0.146693 0.405504
0.145892 0.400992
0.145090 0.396424
0.144289 0.391798
0.143487 0.387115
0.142685 0.382366
0.141884 0.377563
0.141082 0.372699
0.140281 0.367772
0.139479 0.362782
0.138677 0.357720
0.137876 0.352598
0.137074 0.347409
0.136273 0.342152
0.135471 0.336818
0.134669 0.331419
0.133868 0.325947
0.133066 0.320402
0.132265 0.314773
0.131463 0.309075
0.130661 0.303298
0.129860 0.297433
0.129058 0.291494
0.128257 0.285465
0.127455 0.279357
0.126653 0.273162
0.125852 0.266872
0.125050 0.260498
0.124248 0.254024
0.123447 0.247464
0.122645 0.240799
0.121844 0.234036
0.121042 0.227180
0.120240 0.220214
0.119439 0.213143
0.118637 0.205965
0.117836 0.198686
0.117034 0.191287
0.116232 0.183773
0.115431 0.176143
0.114629 0.168386
0.113828 0.160515
0.113026 0.152511
0.112224 0.144389
0.111423 0.136129
0.110621 0.127737
0.109820 0.119210
0.109018 0.110536
0.108216 0.101723
0.107415 0.092760
0.106613 0.083653
0.105812 0.074385
0.105010 0.064974
0.104208 0.055397
0.103407 0.045674
0.102605 0.035800
0.101804 0.025805
0.101002 0.015784
0.100200 0.006356
0.099399 0.001494
0.098597 0.000640
0.097796 0.000399
0.096994 0.000215
0.096192 0.000093
0.095391 0.000032
0.094589 0.000008
0.093788 0.000002
0.092986 0.000000
0.092184 0.000000
0.091383 0.000000
0.090581 0.000000
0.089780 0.000000
0.088978 0.000000
0.088176 0.000000
0.087375 0.000000
0.086573 0.000000
0.085772 0.000000
0.084970 0.000000
0.084168 0.000000
0.083367 0.000000
0.082565 0.000000
0.081764 0.000000
0.080962 0.000000
0.080160 0.000000
0.079359 0.000000
0.078557 0.000000
0.077756 0.000000
0.076954 0.000000
0.076152 0.000000
0.075351 0.000000
0.074549 0.000000
0.073747 0.000000
0.072946 0.000000
0.072144 0.000000
0.071343 0.000000
0.070541 0.000000
0.069739 0.000000
0.068938 0.000000
0.068136 0.000000
0.067335 0.000000
0.066533 0.000000
0.065731 0.000000
0.064930 0.000000
0.064128 0.000000
0.063327 0.000000
0.062525 0.000000
0.061723 0.000000
0.060922 0.000000
0.060120 0.000000
0.059319 0.000000
0.058517 0.000000
0.057715 0.000000
0.056914 0.000000
0.056112 0.000000
0.055311 0.000000
0.054509 0.000000
0.053707 0.000000
0.052906 0.000000
0.052104 0.000000
0.051303 0.000000
0.050501 0.000000
0.049699 0.000000
0.048898 0.000000
0.048096 0.000000
0.047295 0.000000
0.046493 0.000000
0.045691 0.000000
0.044890 0.000000
0.044088 0.000000
0.043287 0.000000
0.042485 0.000000
0.041683 0.000000
0.040882 0.000000
0.040080 0.000000
0.039279 0.000000
0.038477 0.000000
0.037675 0.000000
0.036874 0.000000
0.036072 0.000000
0.035271 0.000000
0.034469 0.000000
0.033667 0.000000
0.032866 0.000000
0.032064 0.000000
0.031263 0.000000
0.030461 0.000000
0.029659 0.000000
0.028858 0.000000
0.028056 0.000000
0.027255 0.000000
0.026453 0.000000
0.025651 0.000000
0.024850 0.000000
0.024048 0.000000
0.023246 0.000000
0.022445 0.000000
0.021643 0.000000
0.020842 0.000000
0.020040 0.000000
0.019238 0.000000
0.018437 0.000000
0.017635 0.000000
0.016834 0.000000
0.016032 0.000000
0.015230 0.000000
0.014429 0.000000
0.013627 0.000000
0.012826 0.000000
0.012024 0.000000
0.011222 0.000000
0.010421 0.000000
0.009619 0.000000
0.008818 0.000000
0.008016 0.000000
0.007214 0.000000
0.006413 0.000000
0.005611 0.000000
0.004810 0.000000
0.004008 0.000000
0.003206 0.000000
0.002405 0.000000
0.001603 0.000000
0.000802 0.000000
0.000000 0.000000
