0.147505 nan
0.147605 nan
0.147704 nan
0.147804 nan
0.147903 nan
0.148003 nan
0.148102 0.000691
0.148202 0.001503
0.148301 nan
0.148401 nan
0.148501 nan
0.148600 nan
0.148700 nan
0.148799 nan
0.148899 nan
0.148998 nan
0.149098 nan
0.149197 nan
0.149297 nan
0.149397 nan
0.149496 nan
0.149596 nan
0.149695 nan
0.149795 nan
0.149894 nan
0.149994 nan
0.150093 nan
0.150193 nan
0.150293 nan
0.150392 nan
0.150492 nan
0.150591 nan
0.150691 nan
0.150790 nan
0.150890 nan
0.150990 nan
0.151089 nan
0.151189 nan
0.151288 nan
0.151388 nan
0.151487 nan
0.151587 nan
0.151686 nan
0.151786 nan
0.151886 nan
0.151985 nan
0.152085 nan
0.152184 nan
0.152284 nan
0.152383 nan
0.152483 nan
0.152582 nan
0.152682 nan
0.152782 nan
0.152881 nan
0.152981 nan
0.153080 nan
0.153180 nan
0.153279 nan
0.153379 nan
0.153478 nan
0.153578 nan
0.153678 nan
0.153777 nan
0.153877 nan
0.153976 nan
0.154076 nan
0.154175 nan
0.154275 nan
0.154374 nan
0.154474 nan
0.154574 nan
0.154673 nan
0.154773 nan
0.154872 nan
0.154972 nan
0.155071 nan
0.155171 nan
0.155271 nan
0.155370 nan
0.155470 nan
0.155569 nan
0.155669 nan
0.155768 nan
0.155868 nan
0.155967 nan
0.156067 nan
0.156167 nan
0.156266 nan
0.156366 nan
0.156465 nan
0.156565 nan
0.156664 nan
0.156764 nan
0.156863 nan
0.156963 nan
0.157063 nan
0.157162 nan
0.157262 nan
0.157361 nan
0.157461 nan
0.157560 nan
0.157660 nan
0.157759 nan
0.157859 nan
0.157959 nan
0.158058 nan
0.158158 nan
0.158257 nan
0.158357 nan
0.158456 nan
0.158556 nan
0.158655 nan
0.158755 nan
0.158855 nan
0.158954 nan
0.159054 nan
0.159153 nan
0.159253 nan
0.159352 nan
0.159452 nan
0.159551 nan
0.159651 nan
0.159751 nan
0.159850 nan
0.159950 nan
0.160049 nan
0.160149 nan
0.160248 nan
0.160348 nan
0.160448 nan
0.160547 nan
0.160647 nan
0.160746 nan
0.160846 nan
0.160945 nan
0.161045 nan
0.161144 nan
0.161244 nan
0.161344 nan
0.161443 nan
0.161543 nan
0.161642 nan
0.161742 nan
0.161841 nan
0.161941 nan
0.162040 nan
0.162140 nan
0.162240 nan
0.162339 nan
0.162439 nan
0.162538 nan
0.162638 nan
0.162737 nan
0.162837 nan
0.162936 nan
0.163036 nan
0.163136 nan
0.163235 nan
0.163335 nan
0.163434 nan
0.163534 nan
0.163633 nan
0.163733 nan
0.163832 nan
0.163932 nan
0.164032 nan
0.164131 nan
0.164231 nan
0.164330 nan
0.164430 nan
0.164529 nan
0.164629 nan
0.164729 nan
0.164828 nan
0.164928 nan
0.165027 nan
0.165127 nan
0.165226 nan
0.165326 nan
0.165425 nan
0.165525 nan
0.165625 nan
0.165724 nan
0.165824 nan
0.165923 nan
0.166023 nan
0.166122 nan
0.166222 nan
0.166321 nan
0.166421 nan
0.166521 nan
0.166620 nan
0.166720 nan
0.166819 nan
0.166919 nan
0.167018 nan
0.167118 nan
0.167217 nan
0.167317 nan
0.167417 nan
0.167516 nan
0.167616 nan
0.167715 nan
0.167815 nan
0.167914 nan
0.168014 nan
0.168113 nan
0.168213 nan
0.168313 nan
0.168412 nan
0.168512 nan
0.168611 nan
0.168711 nan
0.168810 nan
0.168910 nan
0.169009 nan
0.169109 nan
0.169209 nan
0.169308 nan
0.169408 nan
0.169507 nan
0.169607 nan
0.169706 nan
0.169806 nan
0.169906 nan
0.170005 nan
0.170105 nan
0.170204 nan
0.170304 nan
0.170403 nan
0.170503 nan
0.170602 nan
0.170702 nan
0.170802 nan
0.170901 nan
0.171001 nan
0.171100 nan
0.171200 nan
0.171299 nan
0.171399 nan
0.171498 nan
0.171598 nan
0.171698 nan
0.171797 nan
0.171897 nan
0.171996 nan
0.172096 nan
0.172195 nan
0.172295 nan
0.172394 nan
0.172494 nan
0.172594 nan
0.172693 nan
0.172793 nan
0.172892 nan
0.172992 nan
0.173091 nan
0.173191 nan
0.173290 nan
0.173390 nan
0.173490 nan
0.173589 nan
0.173689 nan
0.173788 nan
0.173888 nan
0.173987 nan
0.174087 nan
0.174187 nan
0.174286 nan
0.174386 nan
0.174485 nan
0.174585 nan
0.174684 nan
0.174784 nan
0.174883 nan
0.174983 nan
0.175083 nan
0.175182 nan
0.175282 nan
0.175381 nan
0.175481 nan
0.175580 nan
0.175680 nan
0.175779 nan
0.175879 nan
0.175979 nan
0.176078 nan
0.176178 nan
0.176277 nan
0.176377 nan
0.176476 nan
0.176576 nan
0.176675 nan
0.176775 nan
0.176875 nan
0.176974 nan
0.177074 nan
0.177173 nan
0.177273 nan
0.177372 nan
0.177472 nan
0.177571 nan
0.177671 nan
0.177771 nan
0.177870 nan
0.177970 nan
0.178069 nan
0.178169 nan
0.178268 nan
0.178368 nan
0.178468 nan
0.178567 nan
0.178667 nan
0.178766 nan
0.178866 nan
0.178965 nan
0.179065 nan
0.179164 nan
0.179264 nan
0.179364 nan
0.179463 nan
0.179563 nan
0.179662 nan
0.179762 nan
0.179861 nan
0.179961 nan
0.180060 nan
0.180160 nan
0.180260 nan
0.180359 nan
0.180459 nan
0.180558 nan
0.180658 nan
0.180757 nan
0.180857 nan
0.180956 nan
0.181056 nan
0.181156 nan
0.181255 nan
0.181355 nan
0.181454 nan
0.181554 nan
0.181653 nan
0.181753 nan
0.181852 nan
0.181952 nan
0.182052 nan
0.182151 nan
0.182251 nan
0.182350 nan
0.182450 nan
0.182549 nan
0.182649 nan
0.182748 nan
0.182848 nan
0.182948 nan
0.183047 nan
0.183147 nan
0.183246 nan
0.183346 nan
0.183445 nan
0.183545 nan
0.183645 nan
0.183744 nan
0.183844 nan
0.183943 nan
0.184043 nan
0.184142 nan
0.184242 nan
0.184341 nan
0.184441 nan
0.184541 nan
0.184640 nan
0.184740 nan
0.184839 nan
0.184939 nan
0.185038 nan
0.185138 nan
0.185237 nan
0.185337 nan
0.185437 nan
0.185536 nan
0.185636 nan
0.185735 nan
0.185835 nan
0.185934 nan
0.186034 nan
0.186133 nan
0.186233 nan
0.186333 nan
0.186432 nan
0.186532 nan
0.186631 nan
0.186731 nan
0.186830 nan
0.186930 nan
0.187029 nan
0.187129 nan
0.187229 nan
0.187328 nan
0.187428 nan
0.187527 nan
0.187627 nan
0.187726 nan
0.187826 nan
0.187926 nan
0.188025 nan
0.188125 nan
0.188224 nan
0.188324 nan
0.188423 nan
0.188523 nan
0.188622 nan
0.188722 nan
0.188822 nan
0.188921 nan
0.189021 nan
0.189120 nan
0.189220 nan
0.189319 nan
0.189419 nan
0.189518 nan
0.189618 nan
0.189718 nan
0.189817 nan
0.189917 nan
0.190016 nan
0.190116 nan
0.190215 nan
0.190315 nan
0.190414 nan
0.190514 nan
0.190614 nan
0.190713 nan
0.190813 nan
0.190912 nan
0.191012 nan
0.191111 nan
0.191211 nan
0.191310 nan
0.191410 nan
0.191510 nan
0.191609 nan
0.191709 nan
0.191808 nan
0.191908 nan
0.192007 nan
0.192107 nan
0.192206 nan
0.192306 nan
0.192406 nan
0.192505 nan
0.192605 nan
0.192704 nan
0.192804 nan
0.192903 nan
0.193003 nan
0.193103 nan
0.193202 nan
0.193302 nan
0.193401 nan
0.193501 nan
0.193600 nan
0.193700 nan
0.193799 nan
0.193899 nan
0.193999 nan
0.194098 nan
0.194198 nan
0.194297 nan
0.194397 nan
0.194496 nan
0.194596 nan
0.194695 nan
0.194795 nan
0.194895 nan
0.194994 nan
0.195094 nan
0.195193 nan
0.195293 nan
0.195392 nan
0.195492 nan
0.195591 nan
0.195691 nan
0.195791 nan
0.195890 nan
0.195990 nan
0.196089 nan
0.196189 nan
0.196288 nan
0.196388 nan
0.196487 nan
0.196587 nan
0.196687 nan
0.196786 nan
0.196886 nan
0.196985 nan
0.197085 nan
0.197184 nan
