0.137886 nan
0.138014 nan
0.138143 nan
0.138271 nan
0.138400 nan
0.138528 nan
0.138657 0.000981
0.138785 nan
0.138914 nan
0.139042 nan
0.139170 nan
0.139299 nan
0.139427 nan
0.139556 nan
0.139684 nan
0.139813 nan
0.139941 nan
0.140070 nan
0.140198 nan
0.140327 nan
0.140455 nan
0.140584 nan
0.140712 nan
0.140841 nan
0.140969 nan
0.141098 nan
0.141226 nan
0.141355 nan
0.141483 nan
0.141611 nan
0.141740 nan
0.141868 nan
0.141997 nan
0.142125 nan
0.142254 nan
0.142382 nan
0.142511 nan
0.142639 nan
0.142768 nan
0.142896 nan
0.143025 nan
0.143153 nan
0.143282 nan
0.143410 nan
0.143539 nan
0.143667 nan
0.143796 nan
0.143924 nan
0.144052 nan
0.144181 nan
0.144309 nan
0.144438 nan
0.144566 nan
0.144695 nan
0.144823 nan
0.144952 nan
0.145080 nan
0.145209 nan
0.145337 nan
0.145466 nan
0.145594 nan
0.145723 nan
0.145851 nan
0.145980 nan
0.146108 nan
0.146237 nan
0.146365 nan
0.146493 nan
0.146622 nan
0.146750 nan
0.146879 nan
0.147007 nan
0.147136 nan
0.147264 nan
0.147393 nan
0.147521 nan
0.147650 nan
0.147778 nan
0.147907 nan
0.148035 nan
0.148164 nan
0.148292 nan
0.148421 nan
0.148549 nan
0.148678 nan
0.148806 nan
0.148934 nan
0.149063 nan
0.149191 nan
0.149320 nan
0.149448 nan
0.149577 nan
0.149705 nan
0.149834 nan
0.149962 nan
0.150091 nan
0.150219 nan
0.150348 nan
0.150476 nan
0.150605 nan
0.150733 nan
0.150862 nan
0.150990 nan
0.151119 nan
0.151247 nan
0.151375 nan
0.151504 nan
0.151632 nan
0.151761 nan
0.151889 nan
0.152018 nan
0.152146 nan
0.152275 nan
0.152403 nan
0.152532 nan
0.152660 nan
0.152789 nan
0.152917 nan
0.153046 nan
0.153174 nan
0.153303 nan
0.153431 nan
0.153560 nan
0.153688 nan
0.153816 nan
0.153945 nan
0.154073 nan
0.154202 nan
0.154330 nan
0.154459 nan
0.154587 nan
0.154716 nan
0.154844 nan
0.154973 nan
0.155101 nan
0.155230 nan
0.155358 nan
0.155487 nan
0.155615 nan
0.155744 nan
0.155872 nan
0.156001 nan
0.156129 nan
0.156257 nan
0.156386 nan
0.156514 nan
0.156643 nan
0.156771 nan
0.156900 nan
0.157028 nan
0.157157 nan
0.157285 nan
0.157414 nan
0.157542 nan
0.157671 nan
0.157799 nan
0.157928 nan
0.158056 nan
0.158185 nan
0.158313 nan
0.158442 nan
0.158570 nan
0.158698 nan
0.158827 nan
0.158955 nan
0.159084 nan
0.159212 nan
0.159341 nan
0.159469 nan
0.159598 nan
0.159726 nan
0.159855 nan
0.159983 nan
0.160112 nan
0.160240 nan
0.160369 nan
0.160497 nan
0.160626 nan
0.160754 nan
0.160883 nan
0.161011 nan
0.161139 nan
0.161268 nan
0.161396 nan
0.161525 nan
0.161653 nan
0.161782 nan
0.161910 nan
0.162039 nan
0.162167 nan
0.162296 nan
0.162424 nan
0.162553 nan
0.162681 nan
0.162810 nan
0.162938 nan
0.163067 nan
0.163195 nan
0.163323 nan
0.163452 nan
0.163580 nan
0.163709 nan
0.163837 nan
0.163966 nan
0.164094 nan
0.164223 nan
0.164351 nan
0.164480 nan
0.164608 nan
0.164737 nan
0.164865 nan
0.164994 nan
0.165122 nan
0.165251 nan
0.165379 nan
0.165508 nan
0.165636 nan
0.165764 nan
0.165893 nan
0.166021 nan
0.166150 nan
0.166278 nan
0.166407 nan
0.166535 nan
0.166664 nan
0.166792 nan
0.166921 nan
0.167049 nan
0.167178 nan
0.167306 nan
0.167435 nan
0.167563 nan
0.167692 nan
0.167820 nan
0.167949 nan
0.168077 nan
0.168205 nan
0.168334 nan
0.168462 nan
0.168591 nan
0.168719 nan
0.168848 nan
0.168976 nan
0.169105 nan
0.169233 nan
0.169362 nan
0.169490 nan
0.169619 nan
0.169747 nan
0.169876 nan
0.170004 nan
0.170133 nan
0.170261 nan
0.170390 nan
0.170518 nan
0.170646 nan
0.170775 nan
0.170903 nan
0.171032 nan
0.171160 nan
0.171289 nan
0.171417 nan
0.171546 nan
0.171674 nan
0.171803 nan
0.171931 nan
0.172060 nan
0.172188 nan
0.172317 nan
0.172445 nan
0.172574 nan
0.172702 nan
0.172831 nan
0.172959 nan
0.173087 nan
0.173216 nan
0.173344 nan
0.173473 nan
0.173601 nan
0.173730 nan
0.173858 nan
0.173987 nan
0.174115 nan
0.174244 nan
0.174372 nan
0.174501 nan
0.174629 nan
0.174758 nan
0.174886 nan
0.175015 nan
0.175143 nan
0.175272 nan
0.175400 nan
0.175528 nan
0.175657 nan
0.175785 nan
0.175914 nan
0.176042 nan
0.176171 nan
0.176299 nan
0.176428 nan
0.176556 nan
0.176685 nan
0.176813 nan
0.176942 nan
0.177070 nan
0.177199 nan
0.177327 nan
0.177456 nan
0.177584 nan
0.177713 nan
0.177841 nan
0.177969 nan
0.178098 nan
0.178226 nan
0.178355 nan
0.178483 nan
0.178612 nan
0.178740 nan
0.178869 nan
0.178997 nan
0.179126 nan
0.179254 nan
0.179383 nan
0.179511 nan
0.179640 nan
0.179768 nan
0.179897 nan
0.180025 nan
0.180154 nan
0.180282 nan
0.180410 nan
0.180539 nan
0.180667 nan
0.180796 nan
0.180924 nan
0.181053 nan
0.181181 nan
0.181310 nan
0.181438 nan
0.181567 nan
0.181695 nan
0.181824 nan
0.181952 nan
0.182081 nan
0.182209 nan
0.182338 nan
0.182466 nan
0.182595 nan
0.182723 nan
0.182851 nan
0.182980 nan
0.183108 nan
0.183237 nan
0.183365 nan
0.183494 nan
0.183622 nan
0.183751 nan
0.183879 nan
0.184008 nan
0.184136 nan
0.184265 nan
0.184393 nan
0.184522 nan
0.184650 nan
0.184779 nan
0.184907 nan
0.185036 nan
0.185164 nan
0.185292 nan
0.185421 nan
0.185549 nan
0.185678 nan
0.185806 nan
0.185935 nan
0.186063 nan
0.186192 nan
0.186320 nan
0.186449 nan
0.186577 nan
0.186706 nan
0.186834 nan
0.186963 nan
0.187091 nan
0.187220 nan
0.187348 nan
0.187477 nan
0.187605 nan
0.187733 nan
0.187862 nan
0.187990 nan
0.188119 nan
0.188247 nan
0.188376 nan
0.188504 nan
0.188633 nan
0.188761 nan
0.188890 nan
0.189018 nan
0.189147 nan
0.189275 nan
0.189404 nan
0.189532 nan
0.189661 nan
0.189789 nan
0.189918 nan
0.190046 nan
0.190174 nan
0.190303 nan
0.190431 nan
0.190560 nan
0.190688 nan
0.190817 nan
0.190945 nan
0.191074 nan
0.191202 nan
0.191331 nan
0.191459 nan
0.191588 nan
0.191716 nan
0.191845 nan
0.191973 nan
0.192102 nan
0.192230 nan
0.192358 nan
0.192487 nan
0.192615 nan
0.192744 nan
0.192872 nan
0.193001 nan
0.193129 nan
0.193258 nan
0.193386 nan
0.193515 nan
0.193643 nan
0.193772 nan
0.193900 nan
0.194029 nan
0.194157 nan
0.194286 nan
0.194414 nan
0.194543 nan
0.194671 nan
0.194799 nan
0.194928 nan
0.195056 nan
0.195185 nan
0.195313 nan
0.195442 nan
0.195570 nan
0.195699 nan
0.195827 nan
0.195956 nan
0.196084 nan
0.196213 nan
0.196341 nan
0.196470 nan
0.196598 nan
0.196727 nan
0.196855 nan
0.196984 nan
0.197112 nan
0.197240 nan
0.197369 nan
0.197497 nan
0.197626 nan
0.197754 nan
0.197883 nan
0.198011 nan
0.198140 nan
0.198268 nan
0.198397 nan
0.198525 nan
0.198654 nan
0.198782 nan
0.198911 nan
0.199039 nan
0.199168 nan
0.199296 nan
0.199425 nan
0.199553 nan
0.199681 nan
0.199810 nan
0.199938 nan
0.200067 nan
0.200195 nan
0.200324 nan
0.200452 nan
0.200581 nan
0.200709 nan
0.200838 nan
0.200966 nan
0.201095 nan
0.201223 nan
0.201352 nan
0.201480 nan
0.201609 nan
0.201737 nan
0.201866 nan
0.201994 nan
