0.141894 nan
0.142038 nan
0.142183 nan
0.142327 nan
0.142472 nan
0.142616 nan
0.142761 nan
0.142906 nan
0.143050 nan
0.143195 nan
0.143339 nan
0.143484 nan
0.143628 nan
0.143773 nan
0.143917 nan
0.144062 nan
0.144206 nan
0.144351 nan
0.144495 nan
0.144640 nan
0.144785 nan
0.144929 nan
0.145074 nan
0.145218 nan
0.145363 nan
0.145507 nan
0.145652 nan
0.145796 nan
0.145941 nan
0.146085 nan
0.146230 nan
0.146374 nan
0.146519 nan
0.146664 nan
0.146808 nan
0.146953 nan
0.147097 nan
0.147242 nan
0.147386 nan
0.147531 nan
0.147675 nan
0.147820 nan
0.147964 nan
0.148109 nan
0.148253 nan
0.148398 nan
0.148542 nan
0.148687 nan
0.148832 nan
0.148976 nan
0.149121 nan
0.149265 nan
0.149410 nan
0.149554 nan
0.149699 nan
0.149843 nan
0.149988 nan
0.150132 nan
0.150277 nan
0.150421 nan
0.150566 nan
0.150711 nan
0.150855 nan
0.151000 nan
0.151144 nan
0.151289 nan
0.151433 nan
0.151578 nan
0.151722 nan
0.151867 nan
0.152011 nan
0.152156 nan
0.152300 nan
0.152445 nan
0.152590 nan
0.152734 nan
0.152879 nan
0.153023 nan
0.153168 nan
0.153312 nan
0.153457 nan
0.153601 nan
0.153746 nan
0.153890 nan
0.154035 nan
0.154179 nan
0.154324 nan
0.154469 nan
0.154613 nan
0.154758 nan
0.154902 nan
0.155047 nan
0.155191 nan
0.155336 nan
0.155480 nan
0.155625 nan
0.155769 nan
0.155914 nan
0.156058 nan
0.156203 nan
0.156348 nan
0.156492 nan
0.156637 nan
0.156781 nan
0.156926 nan
0.157070 nan
0.157215 nan
0.157359 nan
0.157504 nan
0.157648 nan
0.157793 nan
0.157937 nan
0.158082 nan
0.158227 nan
0.158371 nan
0.158516 nan
0.158660 nan
0.158805 nan
0.158949 nan
0.159094 nan
0.159238 nan
0.159383 nan
0.159527 nan
0.159672 nan
0.159816 nan
0.159961 nan
0.160106 nan
0.160250 nan
0.160395 nan
0.160539 nan
0.160684 nan
0.160828 nan
0.160973 nan
0.161117 nan
0.161262 nan
0.161406 nan
0.161551 nan
0.161695 nan
0.161840 nan
0.161985 nan
0.162129 nan
0.162274 nan
0.162418 nan
0.162563 nan
0.162707 nan
0.162852 nan
0.162996 nan
0.163141 nan
0.163285 nan
0.163430 nan
0.163574 nan
0.163719 nan
0.163863 nan
0.164008 nan
0.164153 nan
0.164297 nan
0.164442 nan
0.164586 nan
0.164731 nan
0.164875 nan
0.165020 nan
0.165164 nan
0.165309 nan
0.165453 nan
0.165598 nan
0.165742 nan
0.165887 nan
0.166032 nan
0.166176 nan
0.166321 nan
0.166465 nan
0.166610 nan
0.166754 nan
0.166899 nan
0.167043 nan
0.167188 nan
0.167332 nan
0.167477 nan
0.167621 nan
0.167766 nan
0.167911 nan
0.168055 nan
0.168200 nan
0.168344 nan
0.168489 nan
0.168633 nan
0.168778 nan
0.168922 nan
0.169067 nan
0.169211 nan
0.169356 nan
0.169500 nan
0.169645 nan
0.169790 nan
0.169934 nan
0.170079 nan
0.170223 nan
0.170368 nan
0.170512 nan
0.170657 nan
0.170801 nan
0.170946 nan
0.171090 nan
0.171235 nan
0.171379 nan
0.171524 nan
0.171669 nan
0.171813 nan
0.171958 nan
0.172102 nan
0.172247 nan
0.172391 nan
0.172536 nan
0.172680 nan
0.172825 nan
0.172969 nan
0.173114 nan
0.173258 nan
0.173403 nan
0.173548 nan
0.173692 nan
0.173837 nan
0.173981 nan
0.174126 nan
0.174270 nan
0.174415 nan
0.174559 nan
0.174704 nan
0.174848 nan
0.174993 nan
0.175137 nan
0.175282 nan
0.175427 nan
0.175571 nan
0.175716 nan
0.175860 nan
0.176005 nan
0.176149 nan
0.176294 nan
0.176438 nan
0.176583 nan
0.176727 nan
0.176872 nan
0.177016 nan
0.177161 nan
0.177305 nan
0.177450 nan
0.177595 nan
0.177739 nan
0.177884 nan
0.178028 nan
0.178173 nan
0.178317 nan
0.178462 nan
0.178606 nan
0.178751 nan
0.178895 nan
0.179040 nan
0.179184 nan
0.179329 nan
0.179474 nan
0.179618 nan
0.179763 nan
0.179907 nan
0.180052 nan
0.180196 nan
0.180341 nan
0.180485 nan
0.180630 nan
0.180774 nan
0.180919 nan
0.181063 nan
0.181208 nan
0.181353 nan
0.181497 nan
0.181642 nan
0.181786 nan
0.181931 nan
0.182075 nan
0.182220 nan
0.182364 nan
0.182509 nan
0.182653 nan
0.182798 nan
0.182942 nan
0.183087 nan
0.183232 nan
0.183376 nan
0.183521 nan
0.183665 nan
0.183810 nan
0.183954 nan
0.184099 nan
0.184243 nan
0.184388 nan
0.184532 nan
0.184677 nan
0.184821 nan
0.184966 nan
0.185111 nan
0.185255 nan
0.185400 nan
0.185544 nan
0.185689 nan
0.185833 nan
0.185978 nan
0.186122 nan
0.186267 nan
0.186411 nan
0.186556 nan
0.186700 nan
0.186845 nan
0.186990 nan
0.187134 nan
0.187279 nan
0.187423 nan
0.187568 nan
0.187712 nan
0.187857 nan
0.188001 nan
0.188146 nan
0.188290 nan
0.188435 nan
0.188579 nan
0.188724 nan
0.188869 nan
0.189013 nan
0.189158 nan
0.189302 nan
0.189447 nan
0.189591 nan
0.189736 nan
0.189880 nan
0.190025 nan
0.190169 nan
0.190314 nan
0.190458 nan
0.190603 nan
0.190747 nan
0.190892 nan
0.191037 nan
0.191181 nan
0.191326 nan
0.191470 nan
0.191615 nan
0.191759 nan
0.191904 nan
0.192048 nan
0.192193 nan
0.192337 nan
0.192482 nan
0.192626 nan
0.192771 nan
0.192916 nan
0.193060 nan
0.193205 nan
0.193349 nan
0.193494 nan
0.193638 nan
0.193783 nan
0.193927 nan
0.194072 nan
0.194216 nan
0.194361 nan
0.194505 nan
0.194650 nan
0.194795 nan
0.194939 nan
0.195084 nan
0.195228 nan
0.195373 nan
0.195517 nan
0.195662 nan
0.195806 nan
0.195951 nan
0.196095 nan
0.196240 nan
0.196384 nan
0.196529 nan
0.196674 nan
0.196818 nan
0.196963 nan
0.197107 nan
0.197252 nan
0.197396 nan
0.197541 nan
0.197685 nan
0.197830 nan
0.197974 nan
0.198119 nan
0.198263 nan
0.198408 nan
0.198553 nan
0.198697 nan
0.198842 nan
0.198986 nan
0.199131 nan
0.199275 nan
0.199420 nan
0.199564 nan
0.199709 nan
0.199853 nan
0.199998 nan
0.200142 nan
0.200287 nan
0.200432 nan
0.200576 nan
0.200721 nan
0.200865 nan
0.201010 nan
0.201154 nan
0.201299 nan
0.201443 nan
0.201588 nan
0.201732 nan
0.201877 nan
0.202021 nan
0.202166 nan
0.202311 nan
0.202455 nan
0.202600 nan
0.202744 nan
0.202889 nan
0.203033 nan
0.203178 nan
0.203322 nan
0.203467 nan
0.203611 nan
0.203756 nan
0.203900 nan
0.204045 nan
0.204189 nan
0.204334 nan
0.204479 nan
0.204623 nan
0.204768 nan
0.204912 nan
0.205057 nan
0.205201 nan
0.205346 nan
0.205490 nan
0.205635 nan
0.205779 nan
0.205924 nan
0.206068 nan
0.206213 nan
0.206358 nan
0.206502 nan
0.206647 nan
0.206791 nan
0.206936 nan
0.207080 nan
0.207225 nan
0.207369 nan
0.207514 nan
0.207658 nan
0.207803 nan
0.207947 nan
0.208092 nan
0.208237 nan
0.208381 nan
0.208526 nan
0.208670 nan
0.208815 nan
0.208959 nan
0.209104 nan
0.209248 nan
0.209393 nan
0.209537 nan
0.209682 nan
0.209826 nan
0.209971 nan
0.210116 nan
0.210260 nan
0.210405 nan
0.210549 nan
0.210694 nan
0.210838 nan
0.210983 nan
0.211127 nan
0.211272 nan
0.211416 nan
0.211561 nan
0.211705 nan
0.211850 nan
0.211995 nan
0.212139 nan
0.212284 nan
0.212428 nan
0.212573 nan
0.212717 nan
0.212862 nan
0.213006 nan
0.213151 nan
0.213295 nan
0.213440 nan
0.213584 nan
0.213729 nan
0.213874 nan
0.214018 nan
