0.400000 0.910776
0.399198 0.910393
0.398397 0.910008
0.397595 0.909620
0.396794 0.909230
0.395992 0.908838
0.395190 0.908443
0.394389 0.908046
0.393587 0.907646
0.392786 0.907244
0.391984 0.906840
0.391182 0.906433
0.390381 0.906023
0.389579 0.905611
0.388778 0.905197
0.387976 0.904780
0.387174 0.904360
0.386373 0.903938
0.385571 0.903513
0.384770 0.903085
0.383968 0.902655
0.383166 0.902222
0.382365 0.901786
0.381563 0.901348
0.380762 0.900907
0.379960 0.900463
0.379158 0.900016
0.378357 0.899567
0.377555 0.899114
0.376754 0.898659
0.375952 0.898201
0.375150 0.897740
0.374349 0.897276
0.373547 0.896809
0.372745 0.896339
0.371944 0.895866
0.371142 0.895390
0.370341 0.894911
0.369539 0.894429
0.368737 0.893944
0.367936 0.893456
0.367134 0.892964
0.366333 0.892469
0.365531 0.891972
0.364729 0.891470
0.363928 0.890966
0.363126 0.890458
0.362325 0.889947
0.361523 0.889433
0.360721 0.888915
0.359920 0.888394
0.359118 0.887870
0.358317 0.887342
0.357515 0.886810
0.356713 0.886275
0.355912 0.885736
0.355110 0.885194
0.354309 0.884649
0.353507 0.884099
0.352705 0.883546
0.351904 0.882989
0.351102 0.882429
0.350301 0.881864
0.349499 0.881296
0.348697 0.880724
0.347896 0.880148
0.347094 0.879569
0.346293 0.878985
0.345491 0.878397
0.344689 0.877806
0.343888 0.877210
0.343086 0.876610
0.342285 0.876006
0.341483 0.875398
0.340681 0.874786
0.339880 0.874170
0.339078 0.873549
0.338277 0.872924
0.337475 0.872295
0.336673 0.871661
0.335872 0.871023
0.335070 0.870380
0.334269 0.869733
0.333467 0.869082
0.332665 0.868426
0.331864 0.867765
0.331062 0.867099
0.330261 0.866428
0.329459 0.865753
0.328657 0.865074
0.327856 0.864389
0.327054 0.863700
0.326253 0.863005
0.325451 0.862306
0.324649 0.861602
0.323848 0.860893
0.323046 0.860178
0.322244 0.859459
0.321443 0.858734
0.320641 0.858004
0.319840 0.857269
0.319038 0.856528
0.318236 0.855782
0.317435 0.855031
0.316633 0.854274
0.315832 0.853511
0.315030 0.852743
0.314228 0.851969
0.313427 0.851190
0.312625 0.850405
0.311824 0.849614
0.311022 0.848817
0.310220 0.848014
0.309419 0.847205
0.308617 0.846390
0.307816 0.845569
0.307014 0.844742
0.306212 0.843909
0.305411 0.843069
0.304609 0.842224
0.303808 0.841371
0.303006 0.840513
0.302204 0.839647
0.301403 0.838775
0.300601 0.837897
0.299800 0.837012
0.298998 0.836120
0.298196 0.835221
0.297395 0.834315
0.296593 0.833402
0.295792 0.832483
0.294990 0.831556
0.294188 0.830622
0.293387 0.829680
0.292585 0.828732
0.291784 0.827775
0.290982 0.826812
0.290180 0.825841
0.289379 0.824862
0.288577 0.823875
0.287776 0.822881
0.286974 0.821879
0.286172 0.820869
0.285371 0.819850
0.284569 0.818824
0.283768 0.817790
0.282966 0.816747
0.282164 0.815696
0.281363 0.814636
0.280561 0.813568
0.279760 0.812491
0.278958 0.811405
0.278156 0.810311
0.277355 0.809208
0.276553 0.808096
0.275752 0.806974
0.274950 0.805844
0.274148 0.804704
0.273347 0.803554
0.272545 0.802396
0.271743 0.801227
0.270942 0.800049
0.270140 0.798862
0.269339 0.797664
0.268537 0.796456
0.267735 0.795236
0.266934 0.794008
0.266132 0.792769
0.265331 0.791520
0.264529 0.790261
0.263727 0.788991
0.262926 0.787710
0.262124 0.786418
0.261323 0.785115
0.260521 0.783801
0.259719 0.782475
0.258918 0.781138
0.258116 0.779790
0.257315 0.778430
0.256513 0.777058
0.255711 0.775674
0.254910 0.774279
0.254108 0.772871
0.253307 0.771450
0.252505 0.770017
0.251703 0.768572
0.250902 0.767114
0.250100 0.765643
0.249299 0.764158
0.248497 0.762661
0.247695 0.761150
0.246894 0.759626
0.246092 0.758088
0.245291 0.756536
0.244489 0.754970
0.243687 0.753390
0.242886 0.751796
0.242084 0.750187
0.241283 0.748564
0.240481 0.746926
0.239679 0.745273
0.238878 0.743604
0.238076 0.741920
0.237275 0.740221
0.236473 0.738506
0.235671 0.736775
0.234870 0.735028
0.234068 0.733264
0.233267 0.731484
0.232465 0.729687
0.231663 0.727870
0.230862 0.726039
0.230060 0.724191
0.229259 0.722325
0.228457 0.720442
0.227655 0.718540
0.226854 0.716620
0.226052 0.714682
0.225251 0.712725
0.224449 0.710749
0.223647 0.708754
0.222846 0.706740
0.222044 0.704706
0.221242 0.702652
0.220441 0.700578
0.219639 0.698484
0.218838 0.696369
0.218036 0.694233
0.217234 0.692076
0.216433 0.689897
0.215631 0.687697
0.214830 0.685474
0.214028 0.683230
0.213226 0.680962
0.212425 0.678672
0.211623 0.676359
0.210822 0.674022
0.210020 0.671661
0.209218 0.669272
0.208417 0.666862
0.207615 0.664428
0.206814 0.661968
0.206012 0.659483
0.205210 0.656973
0.204409 0.654436
0.203607 0.651872
0.202806 0.649282
0.202004 0.646664
0.201202 0.644019
0.200401 0.641346
0.199599 0.638644
0.198798 0.635914
0.197996 0.633154
0.197194 0.630365
0.196393 0.627546
0.195591 0.624696
0.194790 0.621810
0.193988 0.618898
0.193186 0.615954
0.192385 0.612978
0.191583 0.609969
0.190782 0.606927
0.189980 0.603851
0.189178 0.600742
0.188377 0.597597
0.187575 0.594418
0.186774 0.591203
0.185972 0.587951
0.185170 0.584663
0.184369 0.581332
0.183567 0.577969
0.182766 0.574567
0.181964 0.571126
0.181162 0.567646
0.180361 0.564125
0.179559 0.560564
0.178758 0.556961
0.177956 0.553317
0.177154 0.549629
0.176353 0.545899
0.175551 0.542118
0.174749 0.538298
0.173948 0.534433
0.173146 0.530522
0.172345 0.526564
0.171543 0.522558
0.170741 0.518504
0.169940 0.514401
0.169138 0.510249
0.168337 0.506039
0.167535 0.501783
0.166733 0.497475
0.165932 0.493114
0.165130 0.488699
0.164329 0.484229
0.163527 0.479703
0.162725 0.475113
0.161924 0.470472
0.161122 0.465773
0.160321 0.461013
0.159519 0.456193
0.158717 0.451305
0.157916 0.446359
0.157114 0.441350
0.156313 0.436276
0.155511 0.431136
0.154709 0.425922
0.153908 0.420646
0.153106 0.415300
0.152305 0.409883
0.151503 0.404394
0.150701 0.398825
0.149900 0.393188
0.149098 0.387474
0.148297 0.381676
0.147495 0.375806
0.146693 0.369856
0.145892 0.363824
0.145090 0.357701
0.144289 0.351500
0.143487 0.345206
0.142685 0.338831
0.141884 0.332366
0.141082 0.325802
0.140281 0.319153
0.139479 0.312401
0.138677 0.305560
0.137876 0.298612
0.137074 0.291572
0.136273 0.284422
0.135471 0.277175
0.134669 0.269813
0.133868 0.262343
0.133066 0.254770
0.132265 0.247076
0.131463 0.239267
0.130661 0.231340
0.129860 0.223293
0.129058 0.215125
0.128257 0.206832
0.127455 0.198411
0.126653 0.189853
0.125852 0.181171
0.125050 0.172345
0.124248 0.163383
0.123447 0.154280
0.122645 0.145034
0.121844 0.135635
0.121042 0.126088
0.120240 0.116392
0.119439 0.106535
0.118637 0.096516
0.117836 0.086343
0.117034 0.076000
0.116232 0.065489
0.115431 0.054820
0.114629 0.043984
0.113828 0.033009
0.113026 0.021960
0.112224 0.011133
0.111423 0.003007
