0.400000 0.942171
0.399198 0.942022
0.398397 0.941873
0.397595 0.941723
0.396794 0.941573
0.395992 0.941422
0.395190 0.941270
0.394389 0.941118
0.393587 0.940965
0.392786 0.940811
0.391984 0.940657
0.391182 0.940502
0.390381 0.940347
0.389579 0.940191
0.388778 0.940034
0.387976 0.939877
0.387174 0.939719
0.386373 0.939560
0.385571 0.939401
0.384770 0.939241
0.383968 0.939080
0.383166 0.938919
0.382365 0.938757
0.381563 0.938595
0.380762 0.938431
0.379960 0.938267
0.379158 0.938102
0.378357 0.937937
0.377555 0.937771
0.376754 0.937604
0.375952 0.937436
0.375150 0.937268
0.374349 0.937099
0.373547 0.936929
0.372745 0.936759
0.371944 0.936587
0.371142 0.936415
0.370341 0.936243
0.369539 0.936069
0.368737 0.935895
0.367936 0.935719
0.367134 0.935543
0.366333 0.935367
0.365531 0.935189
0.364729 0.935011
0.363928 0.934832
0.363126 0.934652
0.362325 0.934471
0.361523 0.934289
0.360721 0.934106
0.359920 0.933923
0.359118 0.933739
0.358317 0.933554
0.357515 0.933368
0.356713 0.933181
0.355912 0.932993
0.355110 0.932804
0.354309 0.932615
0.353507 0.932424
0.352705 0.932233
0.351904 0.932040
0.351102 0.931847
0.350301 0.931653
0.349499 0.931457
0.348697 0.931261
0.347896 0.931064
0.347094 0.930866
0.346293 0.930667
0.345491 0.930466
0.344689 0.930265
0.343888 0.930063
0.343086 0.929860
0.342285 0.929655
0.341483 0.929450
0.340681 0.929244
0.339880 0.929036
0.339078 0.928828
0.338277 0.928618
0.337475 0.928407
0.336673 0.928195
0.335872 0.927982
0.335070 0.927768
0.334269 0.927553
0.333467 0.927336
0.332665 0.927118
0.331864 0.926900
0.331062 0.926680
0.330261 0.926458
0.329459 0.926236
0.328657 0.926012
0.327856 0.925787
0.327054 0.925561
0.326253 0.925333
0.325451 0.925104
0.324649 0.924874
0.323848 0.924643
0.323046 0.924410
0.322244 0.924176
0.321443 0.923941
0.320641 0.923704
0.319840 0.923466
0.319038 0.923226
0.318236 0.922985
0.317435 0.922743
0.316633 0.922499
0.315832 0.922254
0.315030 0.922007
0.314228 0.921759
0.313427 0.921509
0.312625 0.921258
0.311824 0.921005
0.311022 0.920751
0.310220 0.920495
0.309419 0.920238
0.308617 0.919979
0.307816 0.919718
0.307014 0.919456
0.306212 0.919192
0.305411 0.918926
0.304609 0.918659
0.303808 0.918390
0.303006 0.918119
0.302204 0.917846
0.301403 0.917572
0.300601 0.917296
0.299800 0.917018
0.298998 0.916738
0.298196 0.916456
0.297395 0.916173
0.296593 0.915887
0.295792 0.915600
0.294990 0.915311
0.294188 0.915020
0.293387 0.914726
0.292585 0.914431
0.291784 0.914134
0.290982 0.913835
0.290180 0.913533
0.289379 0.913230
0.288577 0.912924
0.287776 0.912616
0.286974 0.912306
0.286172 0.911994
0.285371 0.911680
0.284569 0.911363
0.283768 0.911044
0.282966 0.910723
0.282164 0.910399
0.281363 0.910073
0.280561 0.909744
0.279760 0.909413
0.278958 0.909080
0.278156 0.908744
0.277355 0.908406
0.276553 0.908065
0.275752 0.907721
0.274950 0.907375
0.274148 0.907026
0.273347 0.906674
0.272545 0.906320
0.271743 0.905963
0.270942 0.905603
0.270140 0.905240
0.269339 0.904874
0.268537 0.904506
0.267735 0.904134
0.266934 0.903760
0.266132 0.903382
0.265331 0.903002
0.264529 0.902618
0.263727 0.902231
0.262926 0.901841
0.262124 0.901447
0.261323 0.901050
0.260521 0.900650
0.259719 0.900247
0.258918 0.899840
0.258116 0.899429
0.257315 0.899015
0.256513 0.898598
0.255711 0.898177
0.254910 0.897752
0.254108 0.897324
0.253307 0.896891
0.252505 0.896455
0.251703 0.896015
0.250902 0.895571
0.250100 0.895123
0.249299 0.894671
0.248497 0.894215
0.247695 0.893755
0.246894 0.893290
0.246092 0.892821
0.245291 0.892348
0.244489 0.891870
0.243687 0.891388
0.242886 0.890901
0.242084 0.890409
0.241283 0.889913
0.240481 0.889412
0.239679 0.888906
0.238878 0.888396
0.238076 0.887880
0.237275 0.887359
0.236473 0.886833
0.235671 0.886302
0.234870 0.885765
0.234068 0.885223
0.233267 0.884675
0.232465 0.884122
0.231663 0.883564
0.230862 0.882999
0.230060 0.882429
0.229259 0.881852
0.228457 0.881269
0.227655 0.880681
0.226854 0.880086
0.226052 0.879485
0.225251 0.878877
0.224449 0.878263
0.223647 0.877642
0.222846 0.877014
0.222044 0.876380
0.221242 0.875738
0.220441 0.875090
0.219639 0.874433
0.218838 0.873770
0.218036 0.873099
0.217234 0.872421
0.216433 0.871734
0.215631 0.871040
0.214830 0.870338
0.214028 0.869627
0.213226 0.868908
0.212425 0.868181
0.211623 0.867444
0.210822 0.866700
0.210020 0.865946
0.209218 0.865183
0.208417 0.864410
0.207615 0.863628
0.206814 0.862837
0.206012 0.862035
0.205210 0.861224
0.204409 0.860402
0.203607 0.859570
0.202806 0.858727
0.202004 0.857874
0.201202 0.857009
0.200401 0.856134
0.199599 0.855246
0.198798 0.854347
0.197996 0.853436
0.197194 0.852513
0.196393 0.851578
0.195591 0.850630
0.194790 0.849668
0.193988 0.848694
0.193186 0.847706
0.192385 0.846704
0.191583 0.845688
0.190782 0.844658
0.189980 0.843614
0.189178 0.842554
0.188377 0.841479
0.187575 0.840388
0.186774 0.839282
0.185972 0.838159
0.185170 0.837019
0.184369 0.835862
0.183567 0.834688
0.182766 0.833496
0.181964 0.832285
0.181162 0.831056
0.180361 0.829808
0.179559 0.828540
0.178758 0.827252
0.177956 0.825944
0.177154 0.824615
0.176353 0.823264
0.175551 0.821891
0.174749 0.820495
0.173948 0.819076
0.173146 0.817633
0.172345 0.816166
0.171543 0.814674
0.170741 0.813157
0.169940 0.811613
0.169138 0.810042
0.168337 0.808443
0.167535 0.806816
0.166733 0.805160
0.165932 0.803473
0.165130 0.801756
0.164329 0.800007
0.163527 0.798225
0.162725 0.796409
0.161924 0.794559
0.161122 0.792674
0.160321 0.790752
0.159519 0.788792
0.158717 0.786793
0.157916 0.784754
0.157114 0.782673
0.156313 0.780551
0.155511 0.778384
0.154709 0.776172
0.153908 0.773912
0.153106 0.771605
0.152305 0.769247
0.151503 0.766838
0.150701 0.764375
0.149900 0.761856
0.149098 0.759280
0.148297 0.756645
0.147495 0.753947
0.146693 0.751186
0.145892 0.748358
0.145090 0.745462
0.144289 0.742493
0.143487 0.739450
0.142685 0.736330
0.141884 0.733128
0.141082 0.729843
0.140281 0.726469
0.139479 0.723004
0.138677 0.719442
0.137876 0.715780
0.137074 0.712013
0.136273 0.708137
0.135471 0.704144
0.134669 0.700030
0.133868 0.695789
0.133066 0.691413
0.132265 0.686895
0.131463 0.682227
0.130661 0.677401
0.129860 0.672407
0.129058 0.667234
0.128257 0.661872
0.127455 0.656308
0.126653 0.650527
0.125852 0.644514
0.125050 0.638253
0.124248 0.631724
0.123447 0.624905
0.122645 0.617771
0.121844 0.610295
0.121042 0.602443
0.120240 0.594179
0.119439 0.585459
0.118637 0.576230
0.117836 0.566431
0.117034 0.555986
0.116232 0.544802
0.115431 0.532762
0.114629 0.519716
0.113828 0.505465
0.113026 0.489734
0.112224 0.472129
0.111423 0.452045
0.110621 0.428475
0.109820 0.399563
0.109018 0.359991
0.108216 0.266812
