0.400000 0.926454
0.399198 0.926134
0.398397 0.925813
0.397595 0.925489
0.396794 0.925165
0.395992 0.924838
0.395190 0.924510
0.394389 0.924180
0.393587 0.923848
0.392786 0.923514
0.391984 0.923179
0.391182 0.922842
0.390381 0.922503
0.389579 0.922162
0.388778 0.921820
0.387976 0.921475
0.387174 0.921129
0.386373 0.920781
0.385571 0.920431
0.384770 0.920079
0.383968 0.919725
0.383166 0.919370
0.382365 0.919012
0.381563 0.918652
0.380762 0.918291
0.379960 0.917927
0.379158 0.917562
0.378357 0.917193
0.377555 0.916824
0.376754 0.916452
0.375952 0.916078
0.375150 0.915703
0.374349 0.915325
0.373547 0.914945
0.372745 0.914562
0.371944 0.914178
0.371142 0.913792
0.370341 0.913403
0.369539 0.913012
0.368737 0.912619
0.367936 0.912224
0.367134 0.911826
0.366333 0.911427
0.365531 0.911025
0.364729 0.910620
0.363928 0.910214
0.363126 0.909805
0.362325 0.909393
0.361523 0.908979
0.360721 0.908563
0.359920 0.908145
0.359118 0.907724
0.358317 0.907300
0.357515 0.906874
0.356713 0.906446
0.355912 0.906015
0.355110 0.905581
0.354309 0.905145
0.353507 0.904707
0.352705 0.904265
0.351904 0.903822
0.351102 0.903375
0.350301 0.902926
0.349499 0.902474
0.348697 0.902019
0.347896 0.901562
0.347094 0.901102
0.346293 0.900639
0.345491 0.900173
0.344689 0.899705
0.343888 0.899233
0.343086 0.898759
0.342285 0.898281
0.341483 0.897801
0.340681 0.897318
0.339880 0.896832
0.339078 0.896343
0.338277 0.895851
0.337475 0.895355
0.336673 0.894857
0.335872 0.894355
0.335070 0.893851
0.334269 0.893343
0.333467 0.892832
0.332665 0.892317
0.331864 0.891800
0.331062 0.891279
0.330261 0.890754
0.329459 0.890227
0.328657 0.889695
0.327856 0.889161
0.327054 0.888623
0.326253 0.888081
0.325451 0.887536
0.324649 0.886988
0.323848 0.886436
0.323046 0.885880
0.322244 0.885320
0.321443 0.884757
0.320641 0.884190
0.319840 0.883619
0.319038 0.883044
0.318236 0.882466
0.317435 0.881884
0.316633 0.881297
0.315832 0.880707
0.315030 0.880113
0.314228 0.879514
0.313427 0.878912
0.312625 0.878305
0.311824 0.877694
0.311022 0.877079
0.310220 0.876459
0.309419 0.875835
0.308617 0.875207
0.307816 0.874575
0.307014 0.873938
0.306212 0.873297
0.305411 0.872651
0.304609 0.872000
0.303808 0.871345
0.303006 0.870685
0.302204 0.870020
0.301403 0.869351
0.300601 0.868677
0.299800 0.867997
0.298998 0.867313
0.298196 0.866624
0.297395 0.865930
0.296593 0.865231
0.295792 0.864526
0.294990 0.863816
0.294188 0.863101
0.293387 0.862381
0.292585 0.861655
0.291784 0.860924
0.290982 0.860187
0.290180 0.859444
0.289379 0.858696
0.288577 0.857942
0.287776 0.857183
0.286974 0.856417
0.286172 0.855646
0.285371 0.854868
0.284569 0.854085
0.283768 0.853295
0.282966 0.852499
0.282164 0.851697
0.281363 0.850888
0.280561 0.850073
0.279760 0.849252
0.278958 0.848424
0.278156 0.847589
0.277355 0.846747
0.276553 0.845899
0.275752 0.845043
0.274950 0.844181
0.274148 0.843311
0.273347 0.842435
0.272545 0.841551
0.271743 0.840659
0.270942 0.839760
0.270140 0.838854
0.269339 0.837940
0.268537 0.837016
0.267735 0.836086
0.266934 0.835149
0.266132 0.834203
0.265331 0.833249
0.264529 0.832286
0.263727 0.831316
0.262926 0.830336
0.262124 0.829348
0.261323 0.828352
0.260521 0.827346
0.259719 0.826332
0.258918 0.825308
0.258116 0.824275
0.257315 0.823233
0.256513 0.822181
0.255711 0.821120
0.254910 0.820049
0.254108 0.818968
0.253307 0.817876
0.252505 0.816775
0.251703 0.815664
0.250902 0.814542
0.250100 0.813409
0.249299 0.812265
0.248497 0.811111
0.247695 0.809946
0.246894 0.808769
0.246092 0.807581
0.245291 0.806381
0.244489 0.805169
0.243687 0.803944
0.242886 0.802708
0.242084 0.801460
0.241283 0.800200
0.240481 0.798926
0.239679 0.797640
0.238878 0.796341
0.238076 0.795028
0.237275 0.793702
0.236473 0.792362
0.235671 0.791008
0.234870 0.789640
0.234068 0.788258
0.233267 0.786861
0.232465 0.785449
0.231663 0.784022
0.230862 0.782580
0.230060 0.781122
0.229259 0.779648
0.228457 0.778157
0.227655 0.776651
0.226854 0.775126
0.226052 0.773586
0.225251 0.772028
0.224449 0.770453
0.223647 0.768860
0.222846 0.767248
0.222044 0.765618
0.221242 0.763970
0.220441 0.762302
0.219639 0.760614
0.218838 0.758906
0.218036 0.757179
0.217234 0.755430
0.216433 0.753661
0.215631 0.751870
0.214830 0.750057
0.214028 0.748221
0.213226 0.746363
0.212425 0.744482
0.211623 0.742578
0.210822 0.740649
0.210020 0.738696
0.209218 0.736718
0.208417 0.734715
0.207615 0.732686
0.206814 0.730630
0.206012 0.728547
0.205210 0.726436
0.204409 0.724298
0.203607 0.722128
0.202806 0.719931
0.202004 0.717705
0.201202 0.715447
0.200401 0.713158
0.199599 0.710837
0.198798 0.708484
0.197996 0.706097
0.197194 0.703676
0.196393 0.701220
0.195591 0.698726
0.194790 0.696198
0.193988 0.693632
0.193186 0.691028
0.192385 0.688385
0.191583 0.685701
0.190782 0.682977
0.189980 0.680211
0.189178 0.677401
0.188377 0.674545
0.187575 0.671646
0.186774 0.668701
0.185972 0.665708
0.185170 0.662666
0.184369 0.659574
0.183567 0.656429
0.182766 0.653233
0.181964 0.649982
0.181162 0.646676
0.180361 0.643313
0.179559 0.639891
0.178758 0.636406
0.177956 0.632862
0.177154 0.629253
0.176353 0.625578
0.175551 0.621836
0.174749 0.618021
0.173948 0.614136
0.173146 0.610178
0.172345 0.606142
0.171543 0.602028
0.170741 0.597830
0.169940 0.593550
0.169138 0.589183
0.168337 0.584726
0.167535 0.580173
0.166733 0.575527
0.165932 0.570781
0.165130 0.565929
0.164329 0.560973
0.163527 0.555906
0.162725 0.550720
0.161924 0.545418
0.161122 0.539992
0.160321 0.534433
0.159519 0.528742
0.158717 0.522908
0.157916 0.516932
0.157114 0.510799
0.156313 0.504510
0.155511 0.498051
0.154709 0.491421
0.153908 0.484605
0.153106 0.477597
0.152305 0.470392
0.151503 0.462971
0.150701 0.455327
0.149900 0.447448
0.149098 0.439326
0.148297 0.430936
0.147495 0.422268
0.146693 0.413304
0.145892 0.404027
0.145090 0.394408
0.144289 0.384436
0.143487 0.374075
0.142685 0.363307
0.141884 0.352089
0.141082 0.340389
0.140281 0.328167
0.139479 0.315376
0.138677 0.301954
0.137876 0.287846
0.137074 0.272970
0.136273 0.257239
0.135471 0.240549
0.134669 0.222773
0.133868 0.203739
0.133066 0.183262
0.132265 0.161078
0.131463 0.136831
0.130661 0.110078
0.129860 0.080154
0.129058 0.046244
0.128257 0.010556
0.127455 0.001584
