0.400000 0.939475
0.399198 0.939304
0.398397 0.939132
0.397595 0.938959
0.396794 0.938786
0.395992 0.938611
0.395190 0.938436
0.394389 0.938260
0.393587 0.938083
0.392786 0.937905
0.391984 0.937726
0.391182 0.937546
0.390381 0.937365
0.389579 0.937184
0.388778 0.937001
0.387976 0.936818
0.387174 0.936634
0.386373 0.936449
0.385571 0.936262
0.384770 0.936075
0.383968 0.935887
0.383166 0.935698
0.382365 0.935508
0.381563 0.935317
0.380762 0.935125
0.379960 0.934932
0.379158 0.934737
0.378357 0.934542
0.377555 0.934346
0.376754 0.934149
0.375952 0.933950
0.375150 0.933751
0.374349 0.933551
0.373547 0.933349
0.372745 0.933146
0.371944 0.932942
0.371142 0.932737
0.370341 0.932531
0.369539 0.932324
0.368737 0.932115
0.367936 0.931906
0.367134 0.931695
0.366333 0.931483
0.365531 0.931270
0.364729 0.931055
0.363928 0.930839
0.363126 0.930622
0.362325 0.930404
0.361523 0.930185
0.360721 0.929964
0.359920 0.929742
0.359118 0.929518
0.358317 0.929294
0.357515 0.929067
0.356713 0.928840
0.355912 0.928611
0.355110 0.928380
0.354309 0.928149
0.353507 0.927915
0.352705 0.927681
0.351904 0.927445
0.351102 0.927207
0.350301 0.926968
0.349499 0.926727
0.348697 0.926485
0.347896 0.926241
0.347094 0.925996
0.346293 0.925749
0.345491 0.925500
0.344689 0.925250
0.343888 0.924998
0.343086 0.924745
0.342285 0.924490
0.341483 0.924233
0.340681 0.923974
0.339880 0.923714
0.339078 0.923452
0.338277 0.923188
0.337475 0.922923
0.336673 0.922655
0.335872 0.922386
0.335070 0.922114
0.334269 0.921841
0.333467 0.921566
0.332665 0.921289
0.331864 0.921010
0.331062 0.920729
0.330261 0.920446
0.329459 0.920161
0.328657 0.919874
0.327856 0.919585
0.327054 0.919294
0.326253 0.919000
0.325451 0.918705
0.324649 0.918407
0.323848 0.918107
0.323046 0.917805
0.322244 0.917500
0.321443 0.917193
0.320641 0.916884
0.319840 0.916572
0.319038 0.916258
0.318236 0.915942
0.317435 0.915623
0.316633 0.915302
0.315832 0.914978
0.315030 0.914651
0.314228 0.914322
0.313427 0.913991
0.312625 0.913656
0.311824 0.913319
0.311022 0.912979
0.310220 0.912636
0.309419 0.912291
0.308617 0.911942
0.307816 0.911591
0.307014 0.911237
0.306212 0.910880
0.305411 0.910519
0.304609 0.910156
0.303808 0.909790
0.303006 0.909420
0.302204 0.909047
0.301403 0.908671
0.300601 0.908292
0.299800 0.907909
0.298998 0.907523
0.298196 0.907134
0.297395 0.906741
0.296593 0.906345
0.295792 0.905945
0.294990 0.905541
0.294188 0.905133
0.293387 0.904722
0.292585 0.904307
0.291784 0.903889
0.290982 0.903466
0.290180 0.903039
0.289379 0.902609
0.288577 0.902174
0.287776 0.901735
0.286974 0.901292
0.286172 0.900844
0.285371 0.900393
0.284569 0.899937
0.283768 0.899477
0.282966 0.899012
0.282164 0.898542
0.281363 0.898067
0.280561 0.897588
0.279760 0.897104
0.278958 0.896615
0.278156 0.896121
0.277355 0.895622
0.276553 0.895118
0.275752 0.894608
0.274950 0.894093
0.274148 0.893573
0.273347 0.893047
0.272545 0.892516
0.271743 0.891979
0.270942 0.891436
0.270140 0.890888
0.269339 0.890334
0.268537 0.889773
0.267735 0.889206
0.266934 0.888633
0.266132 0.888053
0.265331 0.887467
0.264529 0.886875
0.263727 0.886276
0.262926 0.885669
0.262124 0.885056
0.261323 0.884436
0.260521 0.883809
0.259719 0.883174
0.258918 0.882532
0.258116 0.881883
0.257315 0.881226
0.256513 0.880560
0.255711 0.879887
0.254910 0.879206
0.254108 0.878516
0.253307 0.877818
0.252505 0.877111
0.251703 0.876396
0.250902 0.875671
0.250100 0.874938
0.249299 0.874195
0.248497 0.873443
0.247695 0.872682
0.246894 0.871910
0.246092 0.871129
0.245291 0.870337
0.244489 0.869535
0.243687 0.868722
0.242886 0.867899
0.242084 0.867064
0.241283 0.866219
0.240481 0.865362
0.239679 0.864493
0.238878 0.863613
0.238076 0.862720
0.237275 0.861815
0.236473 0.860898
0.235671 0.859967
0.234870 0.859023
0.234068 0.858066
0.233267 0.857095
0.232465 0.856111
0.231663 0.855112
0.230862 0.854098
0.230060 0.853069
0.229259 0.852025
0.228457 0.850966
0.227655 0.849891
0.226854 0.848799
0.226052 0.847691
0.225251 0.846566
0.224449 0.845423
0.223647 0.844263
0.222846 0.843085
0.222044 0.841888
0.221242 0.840672
0.220441 0.839436
0.219639 0.838181
0.218838 0.836905
0.218036 0.835609
0.217234 0.834291
0.216433 0.832951
0.215631 0.831589
0.214830 0.830204
0.214028 0.828796
0.213226 0.827363
0.212425 0.825906
0.211623 0.824424
0.210822 0.822915
0.210020 0.821380
0.209218 0.819818
0.208417 0.818228
0.207615 0.816609
0.206814 0.814960
0.206012 0.813282
0.205210 0.811572
0.204409 0.809831
0.203607 0.808056
0.202806 0.806248
0.202004 0.804406
0.201202 0.802528
0.200401 0.800613
0.199599 0.798661
0.198798 0.796670
0.197996 0.794639
0.197194 0.792568
0.196393 0.790454
0.195591 0.788296
0.194790 0.786094
0.193988 0.783846
0.193186 0.781550
0.192385 0.779205
0.191583 0.776810
0.190782 0.774362
0.189980 0.771861
0.189178 0.769304
0.188377 0.766689
0.187575 0.764015
0.186774 0.761279
0.185972 0.758480
0.185170 0.755616
0.184369 0.752683
0.183567 0.749679
0.182766 0.746603
0.181964 0.743451
0.181162 0.740221
0.180361 0.736909
0.179559 0.733513
0.178758 0.730028
0.177956 0.726453
0.177154 0.722782
0.176353 0.719013
0.175551 0.715140
0.174749 0.711160
0.173948 0.707069
0.173146 0.702860
0.172345 0.698530
0.171543 0.694072
0.170741 0.689481
0.169940 0.684749
0.169138 0.679871
0.168337 0.674840
0.167535 0.669646
0.166733 0.664283
0.165932 0.658741
0.165130 0.653009
0.164329 0.647078
0.163527 0.640937
0.162725 0.634571
0.161924 0.627968
0.161122 0.621113
0.160321 0.613988
0.159519 0.606577
0.158717 0.598857
0.157916 0.590807
0.157114 0.582402
0.156313 0.573611
0.155511 0.564404
0.154709 0.554743
0.153908 0.544584
0.153106 0.533879
0.152305 0.522570
0.151503 0.510586
0.150701 0.497846
0.149900 0.484246
0.149098 0.469660
0.148297 0.453928
0.147495 0.436836
0.146693 0.418099
0.145892 0.397308
0.145090 0.373848
0.144289 0.346706
0.143487 0.313968
0.142685 0.270989
0.141884 0.194503
0.141082 0.000000
0.140281 0.000000
0.139479 0.000000
0.138677 0.000000
0.137876 0.000000
0.137074 0.000000
0.136273 0.000000
0.135471 0.000000
0.134669 0.000000
0.133868 0.000000
0.133066 0.000000
0.132265 0.000000
0.131463 0.000000
0.130661 0.000000
0.129860 0.000000
0.129058 0.000000
0.128257 0.000000
0.127455 0.000000
0.126653 0.000000
0.125852 0.000000
0.125050 0.000000
0.124248 0.000000
0.123447 0.000000
0.122645 0.000000
0.121844 0.000000
0.121042 0.000000
0.120240 0.000000
0.119439 0.000000
0.118637 0.000000
0.117836 0.000000
0.117034 0.000000
0.116232 0.000000
0.115431 0.000000
0.114629 0.000000
0.113828 0.000000
0.113026 0.000000
0.112224 0.000000
0.111423 0.000000
0.110621 0.000000
0.109820 0.000000
0.109018 0.000000
0.108216 0.000000
0.107415 0.000000
0.106613 0.000000
0.105812 0.000000
0.105010 0.000000
0.104208 0.000000
0.103407 0.000000
0.102605 0.000000
0.101804 0.000000
0.101002 0.000000
0.100200 0.000000
0.099399 0.000000
0.098597 0.000000
0.097796 0.000000
0.096994 0.000000
0.096192 0.000000
0.095391 0.000000
0.094589 0.000000
0.093788 0.000000
0.092986 0.000000
0.092184 0.000000
0.091383 0.000000
0.090581 0.000000
0.089780 0.000000
0.088978 0.000000
0.088176 0.000000
0.087375 0.000000
0.086573 0.000000
0.085772 0.000000
0.084970 0.000000
0.084168 0.000000
0.083367 0.000000
0.082565 0.000000
0.081764 0.000000
0.080962 0.000000
0.080160 0.000000
0.079359 0.000000
0.078557 0.000000
0.077756 0.000000
0.076954 0.000000
0.076152 0.000000
0.075351 0.000000
0.074549 0.000000
0.073747 0.000000
0.072946 0.000000
0.072144 0.000000
0.071343 0.000000
0.070541 0.000000
0.069739 0.000000
0.068938 0.000000
0.068136 0.000000
0.067335 0.000000
0.066533 0.000000
0.065731 0.000000
0.064930 0.000000
0.064128 0.000000
0.063327 0.000000
0.062525 0.000000
0.061723 0.000000
0.060922 0.000000
0.060120 0.000000
0.059319 0.000000
0.058517 0.000000
0.057715 0.000000
0.056914 0.000000
0.056112 0.000000
0.055311 0.000000
0.054509 0.000000
0.053707 0.000000
0.052906 0.000000
0.052104 0.000000
0.051303 0.000000
0.050501 0.000000
0.049699 0.000000
0.048898 0.000000
0.048096 0.000000
0.047295 0.000000
0.046493 0.000000
0.045691 0.000000
0.044890 0.000000
0.044088 0.000000
0.043287 0.000000
0.042485 0.000000
0.041683 0.000000
0.040882 0.000000
0.040080 0.000000
0.039279 0.000000
0.038477 0.000000
0.037675 0.000000
0.036874 0.000000
0.036072 0.000000
0.035271 0.000000
0.034469 0.000000
0.033667 0.000000
0.032866 0.000000
0.032064 0.000000
0.031263 0.000000
0.030461 0.000000
0.029659 0.000000
0.028858 0.000000
0.028056 0.000000
0.027255 0.000000
0.026453 0.000000
0.025651 0.000000
0.024850 0.000000
0.024048 0.000000
0.023246 0.000000
0.022445 0.000000
0.021643 0.000000
0.020842 0.000000
0.020040 0.000000
0.019238 0.000000
0.018437 0.000000
0.017635 0.000000
0.016834 0.000000
0.016032 0.000000
0.015230 0.000000
0.014429 0.000000
0.013627 0.000000
0.012826 0.000000
0.012024 0.000000
0.011222 0.000000
0.010421 0.000000
0.009619 0.000000
0.008818 nan
0.008016 nan
0.007214 nan
0.006413 nan
0.005611 nan
0.004810 nan
0.004008 nan
0.003206 nan
0.002405 nan
0.001603 nan
0.000802 nan
0.000000 nan
