0.400000 0.908035
0.399198 0.907554
0.398397 0.907070
0.397595 0.906583
0.396794 0.906093
0.395992 0.905600
0.395190 0.905104
0.394389 0.904604
0.393587 0.904102
0.392786 0.903596
0.391984 0.903087
0.391182 0.902574
0.390381 0.902058
0.389579 0.901539
0.388778 0.901017
0.387976 0.900491
0.387174 0.899962
0.386373 0.899430
0.385571 0.898894
0.384770 0.898354
0.383968 0.897811
0.383166 0.897265
0.382365 0.896715
0.381563 0.896161
0.380762 0.895604
0.379960 0.895043
0.379158 0.894479
0.378357 0.893909
0.377555 0.893337
0.376754 0.892762
0.375952 0.892182
0.375150 0.891599
0.374349 0.891011
0.373547 0.890420
0.372745 0.889825
0.371944 0.889226
0.371142 0.888623
0.370341 0.888016
0.369539 0.887405
0.368737 0.886790
0.367936 0.886171
0.367134 0.885548
0.366333 0.884920
0.365531 0.884288
0.364729 0.883652
0.363928 0.883012
0.363126 0.882367
0.362325 0.881718
0.361523 0.881065
0.360721 0.880407
0.359920 0.879745
0.359118 0.879078
0.358317 0.878407
0.357515 0.877731
0.356713 0.877050
0.355912 0.876365
0.355110 0.875675
0.354309 0.874981
0.353507 0.874281
0.352705 0.873577
0.351904 0.872868
0.351102 0.872154
0.350301 0.871435
0.349499 0.870711
0.348697 0.869982
0.347896 0.869248
0.347094 0.868509
0.346293 0.867765
0.345491 0.867015
0.344689 0.866261
0.343888 0.865501
0.343086 0.864735
0.342285 0.863965
0.341483 0.863188
0.340681 0.862407
0.339880 0.861619
0.339078 0.860827
0.338277 0.860028
0.337475 0.859224
0.336673 0.858414
0.335872 0.857599
0.335070 0.856777
0.334269 0.855950
0.333467 0.855117
0.332665 0.854278
0.331864 0.853432
0.331062 0.852581
0.330261 0.851724
0.329459 0.850860
0.328657 0.849990
0.327856 0.849114
0.327054 0.848231
0.326253 0.847342
0.325451 0.846446
0.324649 0.845544
0.323848 0.844636
0.323046 0.843720
0.322244 0.842798
0.321443 0.841869
0.320641 0.840933
0.319840 0.839991
0.319038 0.839041
0.318236 0.838084
0.317435 0.837120
0.316633 0.836149
0.315832 0.835171
0.315030 0.834186
0.314228 0.833193
0.313427 0.832192
0.312625 0.831184
0.311824 0.830169
0.311022 0.829146
0.310220 0.828115
0.309419 0.827076
0.308617 0.826030
0.307816 0.824975
0.307014 0.823912
0.306212 0.822839
0.305411 0.821760
0.304609 0.820673
0.303808 0.819578
0.303006 0.818474
0.302204 0.817361
0.301403 0.816240
0.300601 0.815110
0.299800 0.813972
0.298998 0.812825
0.298196 0.811668
0.297395 0.810503
0.296593 0.809329
0.295792 0.808145
0.294990 0.806952
0.294188 0.805750
0.293387 0.804538
0.292585 0.803317
0.291784 0.802086
0.290982 0.800845
0.290180 0.799595
0.289379 0.798334
0.288577 0.797064
0.287776 0.795783
0.286974 0.794492
0.286172 0.793191
0.285371 0.791879
0.284569 0.790557
0.283768 0.789224
0.282966 0.787880
0.282164 0.786525
0.281363 0.785159
0.280561 0.783783
0.279760 0.782395
0.278958 0.780995
0.278156 0.779584
0.277355 0.778162
0.276553 0.776728
0.275752 0.775282
0.274950 0.773824
0.274148 0.772353
0.273347 0.770871
0.272545 0.769377
0.271743 0.767870
0.270942 0.766350
0.270140 0.764817
0.269339 0.763272
0.268537 0.761714
0.267735 0.760139
0.266934 0.758554
0.266132 0.756956
0.265331 0.755344
0.264529 0.753718
0.263727 0.752079
0.262926 0.750426
0.262124 0.748758
0.261323 0.747076
0.260521 0.745380
0.259719 0.743669
0.258918 0.741943
0.258116 0.740202
0.257315 0.738446
0.256513 0.736675
0.255711 0.734888
0.254910 0.733085
0.254108 0.731267
0.253307 0.729433
0.252505 0.727583
0.251703 0.725716
0.250902 0.723832
0.250100 0.721932
0.249299 0.720015
0.248497 0.718081
0.247695 0.716130
0.246894 0.714161
0.246092 0.712175
0.245291 0.710170
0.244489 0.708147
0.243687 0.706102
0.242886 0.704042
0.242084 0.701964
0.241283 0.699867
0.240481 0.697750
0.239679 0.695614
0.238878 0.693458
0.238076 0.691283
0.237275 0.689087
0.236473 0.686871
0.235671 0.684634
0.234870 0.682376
0.234068 0.680098
0.233267 0.677798
0.232465 0.675476
0.231663 0.673132
0.230862 0.670767
0.230060 0.668379
0.229259 0.665968
0.228457 0.663534
0.227655 0.661077
0.226854 0.658592
0.226052 0.656087
0.225251 0.653558
0.224449 0.651005
0.223647 0.648427
0.222846 0.645824
0.222044 0.643196
0.221242 0.640542
0.220441 0.637862
0.219639 0.635156
0.218838 0.632423
0.218036 0.629663
0.217234 0.626876
0.216433 0.624061
0.215631 0.621218
0.214830 0.618346
0.214028 0.615441
0.213226 0.612511
0.212425 0.609552
0.211623 0.606562
0.210822 0.603543
0.210020 0.600493
0.209218 0.597411
0.208417 0.594298
0.207615 0.591153
0.206814 0.587976
0.206012 0.584766
0.205210 0.581523
0.204409 0.578245
0.203607 0.574928
0.202806 0.571582
0.202004 0.568201
0.201202 0.564784
0.200401 0.561331
0.199599 0.557841
0.198798 0.554314
0.197996 0.550750
0.197194 0.547147
0.196393 0.543506
0.195591 0.539820
0.194790 0.536099
0.193988 0.532339
0.193186 0.528537
0.192385 0.524694
0.191583 0.520809
0.190782 0.516881
0.189980 0.512910
0.189178 0.508888
0.188377 0.504828
0.187575 0.500723
0.186774 0.496572
0.185972 0.492374
0.185170 0.488129
0.184369 0.483837
0.183567 0.479488
0.182766 0.475097
0.181964 0.470656
0.181162 0.466164
0.180361 0.461620
0.179559 0.457024
0.178758 0.452368
0.177956 0.447664
0.177154 0.442906
0.176353 0.438091
0.175551 0.433221
0.174749 0.428285
0.173948 0.423298
0.173146 0.418252
0.172345 0.413146
0.171543 0.407972
0.170741 0.402742
0.169940 0.397449
0.169138 0.392092
0.168337 0.386662
0.167535 0.381174
0.166733 0.375618
0.165932 0.369987
0.165130 0.364293
0.164329 0.358528
0.163527 0.352685
0.162725 0.346775
0.161924 0.340792
0.161122 0.334725
0.160321 0.328589
0.159519 0.322368
0.158717 0.316075
0.157916 0.309702
0.157114 0.303238
0.156313 0.296691
0.155511 0.290067
0.154709 0.283348
0.153908 0.276550
0.153106 0.269655
0.152305 0.262668
0.151503 0.255598
0.150701 0.248424
0.149900 0.241156
0.149098 0.233789
0.148297 0.226324
0.147495 0.218758
0.146693 0.211089
0.145892 0.203316
0.145090 0.195436
0.144289 0.187440
0.143487 0.179343
0.142685 0.171125
0.141884 0.162793
0.141082 0.154346
0.140281 0.145782
0.139479 0.137099
0.138677 0.128286
0.137876 0.119351
0.137074 0.110282
0.136273 0.101090
0.135471 0.091763
0.134669 0.082303
0.133868 0.072702
0.133066 0.062974
0.132265 0.053120
0.131463 0.043130
0.130661 0.033036
0.129860 0.022883
0.129058 0.012909
0.128257 0.004548
0.127455 0.001433
