0.400000 0.912109
0.399198 0.911704
0.398397 0.911297
0.397595 0.910887
0.396794 0.910476
0.395992 0.910062
0.395190 0.909646
0.394389 0.909228
0.393587 0.908808
0.392786 0.908385
0.391984 0.907960
0.391182 0.907533
0.390381 0.907103
0.389579 0.906671
0.388778 0.906237
0.387976 0.905800
0.387174 0.905361
0.386373 0.904919
0.385571 0.904475
0.384770 0.904029
0.383968 0.903580
0.383166 0.903128
0.382365 0.902674
0.381563 0.902218
0.380762 0.901759
0.379960 0.901297
0.379158 0.900833
0.378357 0.900366
0.377555 0.899896
0.376754 0.899424
0.375952 0.898950
0.375150 0.898472
0.374349 0.897992
0.373547 0.897509
0.372745 0.897023
0.371944 0.896535
0.371142 0.896044
0.370341 0.895550
0.369539 0.895053
0.368737 0.894553
0.367936 0.894050
0.367134 0.893545
0.366333 0.893036
0.365531 0.892525
0.364729 0.892010
0.363928 0.891493
0.363126 0.890972
0.362325 0.890449
0.361523 0.889922
0.360721 0.889393
0.359920 0.888860
0.359118 0.888324
0.358317 0.887785
0.357515 0.887242
0.356713 0.886697
0.355912 0.886148
0.355110 0.885596
0.354309 0.885040
0.353507 0.884481
0.352705 0.883919
0.351904 0.883353
0.351102 0.882784
0.350301 0.882212
0.349499 0.881636
0.348697 0.881056
0.347896 0.880473
0.347094 0.879886
0.346293 0.879296
0.345491 0.878702
0.344689 0.878105
0.343888 0.877503
0.343086 0.876898
0.342285 0.876289
0.341483 0.875677
0.340681 0.875060
0.339880 0.874440
0.339078 0.873814
0.338277 0.873186
0.337475 0.872553
0.336673 0.871917
0.335872 0.871277
0.335070 0.870632
0.334269 0.869983
0.333467 0.869331
0.332665 0.868674
0.331864 0.868012
0.331062 0.867347
0.330261 0.866677
0.329459 0.866002
0.328657 0.865323
0.327856 0.864640
0.327054 0.863952
0.326253 0.863260
0.325451 0.862563
0.324649 0.861861
0.323848 0.861155
0.323046 0.860444
0.322244 0.859728
0.321443 0.859008
0.320641 0.858282
0.319840 0.857551
0.319038 0.856816
0.318236 0.856075
0.317435 0.855330
0.316633 0.854579
0.315832 0.853823
0.315030 0.853062
0.314228 0.852296
0.313427 0.851524
0.312625 0.850747
0.311824 0.849964
0.311022 0.849176
0.310220 0.848382
0.309419 0.847582
0.308617 0.846777
0.307816 0.845966
0.307014 0.845150
0.306212 0.844327
0.305411 0.843498
0.304609 0.842664
0.303808 0.841823
0.303006 0.840976
0.302204 0.840123
0.301403 0.839264
0.300601 0.838398
0.299800 0.837526
0.298998 0.836647
0.298196 0.835762
0.297395 0.834870
0.296593 0.833970
0.295792 0.833064
0.294990 0.832152
0.294188 0.831232
0.293387 0.830306
0.292585 0.829372
0.291784 0.828431
0.290982 0.827483
0.290180 0.826528
0.289379 0.825565
0.288577 0.824594
0.287776 0.823616
0.286974 0.822630
0.286172 0.821636
0.285371 0.820634
0.284569 0.819624
0.283768 0.818606
0.282966 0.817580
0.282164 0.816545
0.281363 0.815502
0.280561 0.814450
0.279760 0.813390
0.278958 0.812321
0.278156 0.811243
0.277355 0.810155
0.276553 0.809059
0.275752 0.807954
0.274950 0.806839
0.274148 0.805714
0.273347 0.804579
0.272545 0.803435
0.271743 0.802281
0.270942 0.801117
0.270140 0.799943
0.269339 0.798759
0.268537 0.797564
0.267735 0.796359
0.266934 0.795143
0.266132 0.793916
0.265331 0.792678
0.264529 0.791428
0.263727 0.790168
0.262926 0.788896
0.262124 0.787612
0.261323 0.786316
0.260521 0.785008
0.259719 0.783688
0.258918 0.782356
0.258116 0.781011
0.257315 0.779653
0.256513 0.778281
0.255711 0.776897
0.254910 0.775500
0.254108 0.774089
0.253307 0.772664
0.252505 0.771226
0.251703 0.769773
0.250902 0.768306
0.250100 0.766824
0.249299 0.765327
0.248497 0.763815
0.247695 0.762288
0.246894 0.760745
0.246092 0.759186
0.245291 0.757611
0.244489 0.756020
0.243687 0.754412
0.242886 0.752785
0.242084 0.751142
0.241283 0.749482
0.240481 0.747805
0.239679 0.746109
0.238878 0.744394
0.238076 0.742661
0.237275 0.740909
0.236473 0.739137
0.235671 0.737345
0.234870 0.735533
0.234068 0.733701
0.233267 0.731848
0.232465 0.729971
0.231663 0.728075
0.230862 0.726156
0.230060 0.724215
0.229259 0.722251
0.228457 0.720264
0.227655 0.718253
0.226854 0.716217
0.226052 0.714157
0.225251 0.712071
0.224449 0.709960
0.223647 0.707820
0.222846 0.705655
0.222044 0.703463
0.221242 0.701243
0.220441 0.698994
0.219639 0.696716
0.218838 0.694409
0.218036 0.692071
0.217234 0.689702
0.216433 0.687299
0.215631 0.684866
0.214830 0.682399
0.214028 0.679899
0.213226 0.677364
0.212425 0.674793
0.211623 0.672186
0.210822 0.669540
0.210020 0.666858
0.209218 0.664137
0.208417 0.661376
0.207615 0.658574
0.206814 0.655730
0.206012 0.652844
0.205210 0.649911
0.204409 0.646935
0.203607 0.643913
0.202806 0.640844
0.202004 0.637726
0.201202 0.634555
0.200401 0.631335
0.199599 0.628063
0.198798 0.624736
0.197996 0.621354
0.197194 0.617912
0.196393 0.614412
0.195591 0.610853
0.194790 0.607230
0.193988 0.603541
0.193186 0.599788
0.192385 0.595966
0.191583 0.592074
0.190782 0.588106
0.189980 0.584066
0.189178 0.579948
0.188377 0.575747
0.187575 0.571465
0.186774 0.567097
0.185972 0.562639
0.185170 0.558090
0.184369 0.553446
0.183567 0.548700
0.182766 0.543854
0.181964 0.538899
0.181162 0.533835
0.180361 0.528655
0.179559 0.523353
0.178758 0.517928
0.177956 0.512370
0.177154 0.506676
0.176353 0.500841
0.175551 0.494855
0.174749 0.488715
0.173948 0.482409
0.173146 0.475931
0.172345 0.469272
0.171543 0.462426
0.170741 0.455377
0.169940 0.448116
0.169138 0.440630
0.168337 0.432907
0.167535 0.424933
0.166733 0.416686
0.165932 0.408157
0.165130 0.399322
0.164329 0.390155
0.163527 0.380639
0.162725 0.370739
0.161924 0.360427
0.161122 0.349667
0.160321 0.338414
0.159519 0.326624
0.158717 0.314243
0.157916 0.301205
0.157114 0.287427
0.156313 0.272816
0.155511 0.257264
0.154709 0.240623
0.153908 0.222705
0.153106 0.203256
0.152305 0.181962
0.151503 0.158351
0.150701 0.131753
0.149900 0.101081
0.149098 0.064479
0.148297 0.020119
0.147495 0.002265
0.146693 0.001003
