0.400000 0.924342
0.399198 0.924236
0.398397 0.924129
0.397595 0.924022
0.396794 0.923915
0.395992 0.923808
0.395190 0.923701
0.394389 0.923593
0.393587 0.923485
0.392786 0.923378
0.391984 0.923270
0.391182 0.923161
0.390381 0.923053
0.389579 0.922945
0.388778 0.922836
0.387976 0.922727
0.387174 0.922618
0.386373 0.922509
0.385571 0.922399
0.384770 0.922290
0.383968 0.922180
0.383166 0.922070
0.382365 0.921960
0.381563 0.921850
0.380762 0.921739
0.379960 0.921628
0.379158 0.921517
0.378357 0.921406
0.377555 0.921295
0.376754 0.921183
0.375952 0.921071
0.375150 0.920959
0.374349 0.920847
0.373547 0.920735
0.372745 0.920622
0.371944 0.920509
0.371142 0.920396
0.370341 0.920283
0.369539 0.920169
0.368737 0.920056
0.367936 0.919942
0.367134 0.919828
0.366333 0.919713
0.365531 0.919598
0.364729 0.919483
0.363928 0.919368
0.363126 0.919253
0.362325 0.919137
0.361523 0.919021
0.360721 0.918905
0.359920 0.918788
0.359118 0.918672
0.358317 0.918555
0.357515 0.918437
0.356713 0.918320
0.355912 0.918202
0.355110 0.918084
0.354309 0.917965
0.353507 0.917846
0.352705 0.917727
0.351904 0.917608
0.351102 0.917488
0.350301 0.917368
0.349499 0.917248
0.348697 0.917127
0.347896 0.917006
0.347094 0.916885
0.346293 0.916764
0.345491 0.916642
0.344689 0.916519
0.343888 0.916397
0.343086 0.916274
0.342285 0.916150
0.341483 0.916027
0.340681 0.915903
0.339880 0.915778
0.339078 0.915653
0.338277 0.915528
0.337475 0.915402
0.336673 0.915276
0.335872 0.915150
0.335070 0.915023
0.334269 0.914896
0.333467 0.914768
0.332665 0.914640
0.331864 0.914512
0.331062 0.914383
0.330261 0.914254
0.329459 0.914124
0.328657 0.913993
0.327856 0.913863
0.327054 0.913731
0.326253 0.913600
0.325451 0.913468
0.324649 0.913335
0.323848 0.913202
0.323046 0.913068
0.322244 0.912934
0.321443 0.912799
0.320641 0.912664
0.319840 0.912528
0.319038 0.912392
0.318236 0.912255
0.317435 0.912117
0.316633 0.911979
0.315832 0.911841
0.315030 0.911702
0.314228 0.911562
0.313427 0.911421
0.312625 0.911280
0.311824 0.911139
0.311022 0.910996
0.310220 0.910853
0.309419 0.910710
0.308617 0.910566
0.307816 0.910421
0.307014 0.910275
0.306212 0.910129
0.305411 0.909982
0.304609 0.909834
0.303808 0.909686
0.303006 0.909536
0.302204 0.909386
0.301403 0.909236
0.300601 0.909084
0.299800 0.908932
0.298998 0.908779
0.298196 0.908625
0.297395 0.908470
0.296593 0.908315
0.295792 0.908158
0.294990 0.908001
0.294188 0.907843
0.293387 0.907684
0.292585 0.907524
0.291784 0.907363
0.290982 0.907201
0.290180 0.907038
0.289379 0.906875
0.288577 0.906710
0.287776 0.906544
0.286974 0.906378
0.286172 0.906210
0.285371 0.906041
0.284569 0.905871
0.283768 0.905700
0.282966 0.905528
0.282164 0.905355
0.281363 0.905181
0.280561 0.905005
0.279760 0.904829
0.278958 0.904651
0.278156 0.904472
0.277355 0.904292
0.276553 0.904110
0.275752 0.903928
0.274950 0.903744
0.274148 0.903558
0.273347 0.903372
0.272545 0.903184
0.271743 0.902994
0.270942 0.902804
0.270140 0.902612
0.269339 0.902418
0.268537 0.902223
0.267735 0.902026
0.266934 0.901828
0.266132 0.901629
0.265331 0.901428
0.264529 0.901225
0.263727 0.901021
0.262926 0.900815
0.262124 0.900607
0.261323 0.900398
0.260521 0.900187
0.259719 0.899974
0.258918 0.899759
0.258116 0.899543
0.257315 0.899325
0.256513 0.899104
0.255711 0.898882
0.254910 0.898659
0.254108 0.898433
0.253307 0.898205
0.252505 0.897975
0.251703 0.897743
0.250902 0.897509
0.250100 0.897273
0.249299 0.897034
0.248497 0.896794
0.247695 0.896551
0.246894 0.896306
0.246092 0.896058
0.245291 0.895808
0.244489 0.895556
0.243687 0.895302
0.242886 0.895044
0.242084 0.894785
0.241283 0.894522
0.240481 0.894258
0.239679 0.893990
0.238878 0.893720
0.238076 0.893447
0.237275 0.893171
0.236473 0.892893
0.235671 0.892611
0.234870 0.892326
0.234068 0.892039
0.233267 0.891748
0.232465 0.891455
0.231663 0.891158
0.230862 0.890858
0.230060 0.890555
0.229259 0.890248
0.228457 0.889938
0.227655 0.889624
0.226854 0.889307
0.226052 0.888987
0.225251 0.888662
0.224449 0.888334
0.223647 0.888002
0.222846 0.887667
0.222044 0.887327
0.221242 0.886983
0.220441 0.886636
0.219639 0.886284
0.218838 0.885928
0.218036 0.885567
0.217234 0.885203
0.216433 0.884833
0.215631 0.884460
0.214830 0.884081
0.214028 0.883698
0.213226 0.883310
0.212425 0.882917
0.211623 0.882519
0.210822 0.882116
0.210020 0.881708
0.209218 0.881295
0.208417 0.880876
0.207615 0.880451
0.206814 0.880021
0.206012 0.879585
0.205210 0.879144
0.204409 0.878696
0.203607 0.878242
0.202806 0.877783
0.202004 0.877316
0.201202 0.876844
0.200401 0.876364
0.199599 0.875878
0.198798 0.875385
0.197996 0.874886
0.197194 0.874378
0.196393 0.873864
0.195591 0.873342
0.194790 0.872813
0.193988 0.872276
0.193186 0.871731
0.192385 0.871177
0.191583 0.870616
0.190782 0.870046
0.189980 0.869467
0.189178 0.868879
0.188377 0.868283
0.187575 0.867677
0.186774 0.867062
0.185972 0.866437
0.185170 0.865802
0.184369 0.865157
0.183567 0.864502
0.182766 0.863836
0.181964 0.863159
0.181162 0.862472
0.180361 0.861773
0.179559 0.861062
0.178758 0.860339
0.177956 0.859605
0.177154 0.858858
0.176353 0.858098
0.175551 0.857325
0.174749 0.856538
0.173948 0.855738
0.173146 0.854924
0.172345 0.854095
0.171543 0.853252
0.170741 0.852393
0.169940 0.851519
0.169138 0.850629
0.168337 0.849722
0.167535 0.848798
0.166733 0.847858
0.165932 0.846899
0.165130 0.845922
0.164329 0.844926
0.163527 0.843912
0.162725 0.842877
0.161924 0.841822
0.161122 0.840746
0.160321 0.839648
0.159519 0.838528
0.158717 0.837385
0.157916 0.836219
0.157114 0.835028
0.156313 0.833812
0.155511 0.832571
0.154709 0.831302
0.153908 0.830007
0.153106 0.828683
0.152305 0.827329
0.151503 0.825946
0.150701 0.824531
0.149900 0.823084
0.149098 0.821604
0.148297 0.820089
0.147495 0.818538
0.146693 0.816950
0.145892 0.815323
0.145090 0.813657
0.144289 0.811950
0.143487 0.810199
0.142685 0.808404
0.141884 0.806562
0.141082 0.804673
0.140281 0.802733
0.139479 0.800741
0.138677 0.798694
0.137876 0.796590
0.137074 0.794427
0.136273 0.792203
0.135471 0.789921
0.134669 0.787564
0.133868 0.785136
0.133066 0.782634
0.132265 0.780048
0.131463 0.777384
0.130661 0.774634
0.129860 0.771792
0.129058 0.768848
0.128257 0.765806
0.127455 0.762655
0.126653 0.759385
0.125852 0.755996
0.125050 0.752476
0.124248 0.748811
0.123447 0.745002
0.122645 0.741031
0.121844 0.736880
0.121042 0.732547
0.120240 0.728004
0.119439 0.723244
0.118637 0.718234
0.117836 0.712954
0.117034 0.707376
0.116232 0.701465
0.115431 0.695178
0.114629 0.688465
0.113828 0.681263
0.113026 0.673481
0.112224 0.665022
0.111423 0.655742
0.110621 0.645430
0.109820 0.633775
0.109018 0.620296
0.108216 0.604081
0.107415 0.583038
0.106613 0.548813
0.105812 0.000000
0.105010 0.000000
0.104208 0.000000
0.103407 0.000000
0.102605 0.000000
0.101804 0.000000
0.101002 0.000000
0.100200 0.000000
0.099399 0.000000
0.098597 0.000000
0.097796 0.000000
0.096994 0.000000
0.096192 0.000000
0.095391 0.000000
0.094589 0.000000
0.093788 0.000000
0.092986 0.000000
0.092184 0.000000
0.091383 0.000000
0.090581 0.000000
0.089780 0.000000
0.088978 0.000000
0.088176 0.000000
0.087375 0.000000
0.086573 0.000000
0.085772 0.000000
0.084970 0.000000
0.084168 0.000000
0.083367 0.000000
0.082565 0.000000
0.081764 0.000000
0.080962 0.000000
0.080160 0.000000
0.079359 0.000000
0.078557 0.000000
0.077756 0.000000
0.076954 0.000000
0.076152 0.000000
0.075351 0.000000
0.074549 0.000000
0.073747 0.000000
0.072946 0.000000
0.072144 0.000000
0.071343 0.000000
0.070541 0.000000
0.069739 0.000000
0.068938 0.000000
0.068136 0.000000
0.067335 0.000000
0.066533 0.000000
0.065731 0.000000
0.064930 0.000000
0.064128 0.000000
0.063327 0.000000
0.062525 0.000000
0.061723 0.000000
0.060922 0.000000
0.060120 0.000000
0.059319 0.000000
0.058517 0.000000
0.057715 0.000000
0.056914 0.000000
0.056112 0.000000
0.055311 0.000000
0.054509 0.000000
0.053707 0.000000
0.052906 0.000000
0.052104 0.000000
0.051303 0.000000
0.050501 0.000000
0.049699 0.000000
0.048898 0.000000
0.048096 0.000000
0.047295 0.000000
0.046493 0.000000
0.045691 0.000000
0.044890 0.000000
0.044088 0.000000
0.043287 0.000000
0.042485 0.000000
0.041683 0.000000
0.040882 0.000000
0.040080 0.000000
0.039279 0.000000
0.038477 0.000000
0.037675 0.000000
0.036874 0.000000
0.036072 0.000000
0.035271 0.000000
0.034469 0.000000
0.033667 0.000000
0.032866 0.000000
0.032064 0.000000
0.031263 0.000000
0.030461 0.000000
0.029659 0.000000
0.028858 0.000000
0.028056 0.000000
0.027255 0.000000
0.026453 0.000000
0.025651 0.000000
0.024850 0.000000
0.024048 0.000000
0.023246 0.000000
0.022445 0.000000
0.021643 0.000000
0.020842 0.000000
0.020040 0.000000
0.019238 0.000000
0.018437 0.000000
0.017635 0.000000
0.016834 0.000000
0.016032 0.000000
0.015230 0.000000
0.014429 0.000000
0.013627 0.000000
0.012826 0.000000
0.012024 0.000000
0.011222 0.000000
0.010421 0.000000
0.009619 0.000000
0.008818 0.000000
0.008016 0.000000
0.007214 0.000000
0.006413 0.000000
0.005611 0.000000
0.004810 0.000000
0.004008 0.000000
0.003206 0.000000
0.002405 0.000000
0.001603 0.000000
0.000802 0.000000
0.000000 0.000000
