0.400000 0.918552
0.399198 0.918309
0.398397 0.918065
0.397595 0.917820
0.396794 0.917574
0.395992 0.917328
0.395190 0.917080
0.394389 0.916832
0.393587 0.916582
0.392786 0.916331
0.391984 0.916080
0.391182 0.915828
0.390381 0.915575
0.389579 0.915321
0.388778 0.915066
0.387976 0.914809
0.387174 0.914552
0.386373 0.914294
0.385571 0.914036
0.384770 0.913776
0.383968 0.913515
0.383166 0.913253
0.382365 0.912990
0.381563 0.912726
0.380762 0.912461
0.379960 0.912195
0.379158 0.911928
0.378357 0.911659
0.377555 0.911390
0.376754 0.911120
0.375952 0.910849
0.375150 0.910576
0.374349 0.910303
0.373547 0.910028
0.372745 0.909753
0.371944 0.909476
0.371142 0.909198
0.370341 0.908919
0.369539 0.908639
0.368737 0.908358
0.367936 0.908075
0.367134 0.907792
0.366333 0.907507
0.365531 0.907221
0.364729 0.906934
0.363928 0.906646
0.363126 0.906356
0.362325 0.906066
0.361523 0.905774
0.360721 0.905481
0.359920 0.905186
0.359118 0.904891
0.358317 0.904594
0.357515 0.904295
0.356713 0.903996
0.355912 0.903695
0.355110 0.903393
0.354309 0.903090
0.353507 0.902785
0.352705 0.902479
0.351904 0.902172
0.351102 0.901863
0.350301 0.901553
0.349499 0.901242
0.348697 0.900929
0.347896 0.900615
0.347094 0.900299
0.346293 0.899982
0.345491 0.899663
0.344689 0.899343
0.343888 0.899022
0.343086 0.898699
0.342285 0.898375
0.341483 0.898049
0.340681 0.897721
0.339880 0.897392
0.339078 0.897062
0.338277 0.896730
0.337475 0.896396
0.336673 0.896061
0.335872 0.895724
0.335070 0.895386
0.334269 0.895046
0.333467 0.894704
0.332665 0.894360
0.331864 0.894015
0.331062 0.893669
0.330261 0.893320
0.329459 0.892970
0.328657 0.892618
0.327856 0.892264
0.327054 0.891909
0.326253 0.891551
0.325451 0.891192
0.324649 0.890831
0.323848 0.890468
0.323046 0.890103
0.322244 0.889737
0.321443 0.889368
0.320641 0.888998
0.319840 0.888626
0.319038 0.888251
0.318236 0.887875
0.317435 0.887497
0.316633 0.887116
0.315832 0.886734
0.315030 0.886350
0.314228 0.885963
0.313427 0.885574
0.312625 0.885184
0.311824 0.884791
0.311022 0.884395
0.310220 0.883998
0.309419 0.883598
0.308617 0.883197
0.307816 0.882793
0.307014 0.882386
0.306212 0.881977
0.305411 0.881566
0.304609 0.881153
0.303808 0.880737
0.303006 0.880318
0.302204 0.879898
0.301403 0.879474
0.300601 0.879048
0.299800 0.878620
0.298998 0.878189
0.298196 0.877755
0.297395 0.877319
0.296593 0.876880
0.295792 0.876439
0.294990 0.875994
0.294188 0.875547
0.293387 0.875097
0.292585 0.874644
0.291784 0.874189
0.290982 0.873730
0.290180 0.873269
0.289379 0.872804
0.288577 0.872337
0.287776 0.871866
0.286974 0.871392
0.286172 0.870916
0.285371 0.870435
0.284569 0.869952
0.283768 0.869466
0.282966 0.868976
0.282164 0.868483
0.281363 0.867986
0.280561 0.867487
0.279760 0.866983
0.278958 0.866476
0.278156 0.865966
0.277355 0.865452
0.276553 0.864934
0.275752 0.864413
0.274950 0.863888
0.274148 0.863359
0.273347 0.862826
0.272545 0.862290
0.271743 0.861749
0.270942 0.861204
0.270140 0.860656
0.269339 0.860103
0.268537 0.859546
0.267735 0.858984
0.266934 0.858419
0.266132 0.857849
0.265331 0.857275
0.264529 0.856696
0.263727 0.856112
0.262926 0.855524
0.262124 0.854931
0.261323 0.854334
0.260521 0.853731
0.259719 0.853124
0.258918 0.852512
0.258116 0.851895
0.257315 0.851272
0.256513 0.850645
0.255711 0.850012
0.254910 0.849374
0.254108 0.848730
0.253307 0.848081
0.252505 0.847427
0.251703 0.846766
0.250902 0.846100
0.250100 0.845428
0.249299 0.844750
0.248497 0.844066
0.247695 0.843376
0.246894 0.842679
0.246092 0.841976
0.245291 0.841267
0.244489 0.840551
0.243687 0.839828
0.242886 0.839099
0.242084 0.838363
0.241283 0.837620
0.240481 0.836869
0.239679 0.836112
0.238878 0.835347
0.238076 0.834574
0.237275 0.833794
0.236473 0.833007
0.235671 0.832211
0.234870 0.831407
0.234068 0.830595
0.233267 0.829775
0.232465 0.828946
0.231663 0.828109
0.230862 0.827263
0.230060 0.826408
0.229259 0.825544
0.228457 0.824671
0.227655 0.823788
0.226854 0.822896
0.226052 0.821994
0.225251 0.821082
0.224449 0.820160
0.223647 0.819227
0.222846 0.818284
0.222044 0.817330
0.221242 0.816366
0.220441 0.815390
0.219639 0.814403
0.218838 0.813404
0.218036 0.812393
0.217234 0.811371
0.216433 0.810336
0.215631 0.809288
0.214830 0.808228
0.214028 0.807154
0.213226 0.806067
0.212425 0.804967
0.211623 0.803853
0.210822 0.802724
0.210020 0.801581
0.209218 0.800423
0.208417 0.799250
0.207615 0.798061
0.206814 0.796857
0.206012 0.795636
0.205210 0.794399
0.204409 0.793145
0.203607 0.791874
0.202806 0.790585
0.202004 0.789277
0.201202 0.787952
0.200401 0.786607
0.199599 0.785243
0.198798 0.783859
0.197996 0.782454
0.197194 0.781029
0.196393 0.779582
0.195591 0.778113
0.194790 0.776622
0.193988 0.775108
0.193186 0.773570
0.192385 0.772007
0.191583 0.770420
0.190782 0.768807
0.189980 0.767168
0.189178 0.765502
0.188377 0.763809
0.187575 0.762086
0.186774 0.760335
0.185972 0.758553
0.185170 0.756740
0.184369 0.754896
0.183567 0.753018
0.182766 0.751107
0.181964 0.749161
0.181162 0.747179
0.180361 0.745160
0.179559 0.743102
0.178758 0.741005
0.177956 0.738868
0.177154 0.736688
0.176353 0.734465
0.175551 0.732197
0.174749 0.729883
0.173948 0.727520
0.173146 0.725108
0.172345 0.722644
0.171543 0.720126
0.170741 0.717553
0.169940 0.714922
0.169138 0.712232
0.168337 0.709479
0.167535 0.706661
0.166733 0.703776
0.165932 0.700820
0.165130 0.697791
0.164329 0.694686
0.163527 0.691501
0.162725 0.688232
0.161924 0.684875
0.161122 0.681426
0.160321 0.677881
0.159519 0.674235
0.158717 0.670482
0.157916 0.666617
0.157114 0.662633
0.156313 0.658523
0.155511 0.654281
0.154709 0.649898
0.153908 0.645364
0.153106 0.640671
0.152305 0.635807
0.151503 0.630760
0.150701 0.625517
0.149900 0.620062
0.149098 0.614378
0.148297 0.608445
0.147495 0.602241
0.146693 0.595740
0.145892 0.588912
0.145090 0.581722
0.144289 0.574126
0.143487 0.566076
0.142685 0.557508
0.141884 0.548346
0.141082 0.538557
0.140281 0.527889
0.139479 0.516229
0.138677 0.503349
0.137876 0.488884
0.137074 0.472270
0.136273 0.452521
0.135471 0.427498
0.134669 0.390227
