0.400000 0.924329
0.399198 0.923985
0.398397 0.923639
0.397595 0.923292
0.396794 0.922942
0.395992 0.922590
0.395190 0.922236
0.394389 0.921880
0.393587 0.921522
0.392786 0.921162
0.391984 0.920800
0.391182 0.920435
0.390381 0.920069
0.389579 0.919700
0.388778 0.919329
0.387976 0.918956
0.387174 0.918581
0.386373 0.918203
0.385571 0.917824
0.384770 0.917442
0.383968 0.917057
0.383166 0.916671
0.382365 0.916282
0.381563 0.915891
0.380762 0.915497
0.379960 0.915101
0.379158 0.914702
0.378357 0.914301
0.377555 0.913898
0.376754 0.913492
0.375952 0.913084
0.375150 0.912673
0.374349 0.912259
0.373547 0.911843
0.372745 0.911425
0.371944 0.911003
0.371142 0.910580
0.370341 0.910153
0.369539 0.909724
0.368737 0.909292
0.367936 0.908857
0.367134 0.908420
0.366333 0.907979
0.365531 0.907536
0.364729 0.907090
0.363928 0.906642
0.363126 0.906190
0.362325 0.905735
0.361523 0.905278
0.360721 0.904818
0.359920 0.904354
0.359118 0.903888
0.358317 0.903418
0.357515 0.902945
0.356713 0.902470
0.355912 0.901991
0.355110 0.901508
0.354309 0.901023
0.353507 0.900534
0.352705 0.900042
0.351904 0.899547
0.351102 0.899048
0.350301 0.898546
0.349499 0.898041
0.348697 0.897532
0.347896 0.897020
0.347094 0.896504
0.346293 0.895984
0.345491 0.895461
0.344689 0.894935
0.343888 0.894404
0.343086 0.893870
0.342285 0.893332
0.341483 0.892791
0.340681 0.892245
0.339880 0.891696
0.339078 0.891143
0.338277 0.890586
0.337475 0.890024
0.336673 0.889459
0.335872 0.888890
0.335070 0.888317
0.334269 0.887739
0.333467 0.887157
0.332665 0.886571
0.331864 0.885981
0.331062 0.885386
0.330261 0.884787
0.329459 0.884184
0.328657 0.883576
0.327856 0.882963
0.327054 0.882346
0.326253 0.881724
0.325451 0.881098
0.324649 0.880466
0.323848 0.879830
0.323046 0.879190
0.322244 0.878544
0.321443 0.877894
0.320641 0.877238
0.319840 0.876577
0.319038 0.875911
0.318236 0.875240
0.317435 0.874563
0.316633 0.873881
0.315832 0.873194
0.315030 0.872501
0.314228 0.871803
0.313427 0.871099
0.312625 0.870389
0.311824 0.869674
0.311022 0.868953
0.310220 0.868226
0.309419 0.867493
0.308617 0.866754
0.307816 0.866009
0.307014 0.865257
0.306212 0.864500
0.305411 0.863736
0.304609 0.862966
0.303808 0.862189
0.303006 0.861406
0.302204 0.860616
0.301403 0.859819
0.300601 0.859016
0.299800 0.858206
0.298998 0.857388
0.298196 0.856564
0.297395 0.855732
0.296593 0.854894
0.295792 0.854048
0.294990 0.853194
0.294188 0.852333
0.293387 0.851464
0.292585 0.850587
0.291784 0.849702
0.290982 0.848809
0.290180 0.847908
0.289379 0.846999
0.288577 0.846082
0.287776 0.845156
0.286974 0.844222
0.286172 0.843279
0.285371 0.842327
0.284569 0.841366
0.283768 0.840397
0.282966 0.839418
0.282164 0.838430
0.281363 0.837433
0.280561 0.836425
0.279760 0.835408
0.278958 0.834381
0.278156 0.833345
0.277355 0.832298
0.276553 0.831240
0.275752 0.830173
0.274950 0.829094
0.274148 0.828005
0.273347 0.826905
0.272545 0.825794
0.271743 0.824672
0.270942 0.823538
0.270140 0.822393
0.269339 0.821236
0.268537 0.820067
0.267735 0.818886
0.266934 0.817692
0.266132 0.816486
0.265331 0.815267
0.264529 0.814035
0.263727 0.812790
0.262926 0.811532
0.262124 0.810260
0.261323 0.808974
0.260521 0.807675
0.259719 0.806361
0.258918 0.805032
0.258116 0.803689
0.257315 0.802331
0.256513 0.800958
0.255711 0.799569
0.254910 0.798165
0.254108 0.796744
0.253307 0.795307
0.252505 0.793854
0.251703 0.792384
0.250902 0.790897
0.250100 0.789392
0.249299 0.787870
0.248497 0.786329
0.247695 0.784771
0.246894 0.783193
0.246092 0.781596
0.245291 0.779980
0.244489 0.778345
0.243687 0.776689
0.242886 0.775013
0.242084 0.773316
0.241283 0.771598
0.240481 0.769858
0.239679 0.768096
0.238878 0.766312
0.238076 0.764505
0.237275 0.762674
0.236473 0.760820
0.235671 0.758942
0.234870 0.757039
0.234068 0.755110
0.233267 0.753156
0.232465 0.751176
0.231663 0.749169
0.230862 0.747135
0.230060 0.745073
0.229259 0.742983
0.228457 0.740864
0.227655 0.738715
0.226854 0.736536
0.226052 0.734326
0.225251 0.732085
0.224449 0.729812
0.223647 0.727506
0.222846 0.725166
0.222044 0.722792
0.221242 0.720383
0.220441 0.717939
0.219639 0.715458
0.218838 0.712939
0.218036 0.710382
0.217234 0.707787
0.216433 0.705151
0.215631 0.702474
0.214830 0.699756
0.214028 0.696994
0.213226 0.694189
0.212425 0.691339
0.211623 0.688443
0.210822 0.685500
0.210020 0.682508
0.209218 0.679467
0.208417 0.676376
0.207615 0.673233
0.206814 0.670036
0.206012 0.666785
0.205210 0.663478
0.204409 0.660113
0.203607 0.656690
0.202806 0.653206
0.202004 0.649660
0.201202 0.646050
0.200401 0.642375
0.199599 0.638633
0.198798 0.634821
0.197996 0.630938
0.197194 0.626982
0.196393 0.622951
0.195591 0.618842
0.194790 0.614654
0.193988 0.610384
0.193186 0.606030
0.192385 0.601588
0.191583 0.597057
0.190782 0.592433
0.189980 0.587714
0.189178 0.582896
0.188377 0.577978
0.187575 0.572954
0.186774 0.567822
0.185972 0.562578
0.185170 0.557219
0.184369 0.551740
0.183567 0.546137
0.182766 0.540406
0.181964 0.534543
0.181162 0.528541
0.180361 0.522397
0.179559 0.516106
0.178758 0.509660
0.177956 0.503054
0.177154 0.496283
0.176353 0.489339
0.175551 0.482216
0.174749 0.474905
0.173948 0.467399
0.173146 0.459690
0.172345 0.451767
0.171543 0.443623
0.170741 0.435246
0.169940 0.426624
0.169138 0.417749
0.168337 0.408604
0.167535 0.399177
0.166733 0.389454
0.165932 0.379419
0.165130 0.369054
0.164329 0.358340
0.163527 0.347255
0.162725 0.335778
0.161924 0.323886
0.161122 0.311550
0.160321 0.298737
0.159519 0.285418
0.158717 0.271552
0.157916 0.257100
0.157114 0.242012
0.156313 0.226234
0.155511 0.209705
0.154709 0.192359
0.153908 0.174100
0.153106 0.154828
0.152305 0.134411
0.151503 0.112737
0.150701 0.089627
0.149900 0.064904
0.149098 0.038522
0.148297 0.012259
0.147495 0.002176
0.146693 0.000000
0.145892 0.000000
0.145090 0.000000
0.144289 0.000000
0.143487 0.000000
0.142685 0.000000
0.141884 0.000000
0.141082 0.000000
0.140281 0.000000
0.139479 0.000000
0.138677 0.000000
0.137876 0.000000
0.137074 0.000000
0.136273 0.000000
0.135471 0.000000
0.134669 0.000000
0.133868 0.000000
0.133066 0.000000
0.132265 0.000000
0.131463 0.000000
0.130661 0.000000
0.129860 0.000000
0.129058 0.000000
0.128257 0.000000
0.127455 0.000000
0.126653 0.000000
0.125852 0.000000
0.125050 0.000000
0.124248 0.000000
0.123447 0.000000
0.122645 0.000000
0.121844 0.000000
0.121042 0.000000
0.120240 0.000000
0.119439 0.000000
0.118637 0.000000
0.117836 0.000000
0.117034 0.000000
0.116232 0.000000
0.115431 0.000000
0.114629 0.000000
0.113828 0.000000
0.113026 0.000000
0.112224 0.000000
0.111423 0.000000
0.110621 0.000000
0.109820 0.000000
0.109018 0.000000
0.108216 0.000000
0.107415 0.000000
0.106613 0.000000
0.105812 0.000000
0.105010 0.000000
0.104208 0.000000
0.103407 0.000000
0.102605 0.000000
0.101804 0.000000
0.101002 0.000000
0.100200 0.000000
0.099399 0.000000
0.098597 0.000000
0.097796 0.000000
0.096994 0.000000
0.096192 0.000000
0.095391 0.000000
0.094589 0.000000
0.093788 0.000000
0.092986 0.000000
0.092184 0.000000
0.091383 0.000000
0.090581 0.000000
0.089780 0.000000
0.088978 0.000000
0.088176 0.000000
0.087375 0.000000
0.086573 0.000000
0.085772 0.000000
0.084970 0.000000
0.084168 0.000000
0.083367 0.000000
0.082565 0.000000
0.081764 0.000000
0.080962 0.000000
0.080160 0.000000
0.079359 0.000000
0.078557 0.000000
0.077756 0.000000
0.076954 0.000000
0.076152 0.000000
0.075351 0.000000
0.074549 0.000000
0.073747 0.000000
0.072946 0.000000
0.072144 0.000000
0.071343 0.000000
0.070541 0.000000
0.069739 0.000000
0.068938 0.000000
0.068136 0.000000
0.067335 0.000000
0.066533 0.000000
0.065731 0.000000
0.064930 0.000000
0.064128 0.000000
0.063327 0.000000
0.062525 0.000000
0.061723 0.000000
0.060922 0.000000
0.060120 0.000000
0.059319 0.000000
0.058517 0.000000
0.057715 0.000000
0.056914 0.000000
0.056112 0.000000
0.055311 0.000000
0.054509 0.000000
0.053707 0.000000
0.052906 0.000000
0.052104 0.000000
0.051303 0.000000
0.050501 0.000000
0.049699 0.000000
0.048898 0.000000
0.048096 0.000000
0.047295 0.000000
0.046493 0.000000
0.045691 0.000000
0.044890 0.000000
0.044088 0.000000
0.043287 0.000000
0.042485 0.000000
0.041683 0.000000
0.040882 0.000000
0.040080 0.000000
0.039279 0.000000
0.038477 0.000000
0.037675 0.000000
0.036874 0.000000
0.036072 0.000000
0.035271 0.000000
0.034469 0.000000
0.033667 0.000000
0.032866 0.000000
0.032064 0.000000
0.031263 0.000000
0.030461 0.000000
0.029659 0.000000
0.028858 0.000000
0.028056 0.000000
0.027255 0.000000
0.026453 0.000000
0.025651 0.000000
0.024850 0.000000
0.024048 0.000000
0.023246 0.000000
0.022445 0.000000
0.021643 0.000000
0.020842 0.000000
0.020040 0.000000
0.019238 0.000000
0.018437 0.000000
0.017635 0.000000
0.016834 0.000000
0.016032 0.000000
0.015230 0.000000
0.014429 0.000000
0.013627 0.000000
0.012826 0.000000
0.012024 0.000000
0.011222 0.000000
0.010421 0.000000
0.009619 0.000000
0.008818 0.000000
0.008016 0.000000
0.007214 0.000000
0.006413 0.000000
0.005611 0.000000
0.004810 0.000000
0.004008 0.000000
0.003206 0.000000
0.002405 0.000000
0.001603 0.000000
0.000802 0.000000
0.000000 0.000000
