0.400000 0.951373
0.399198 0.951318
0.398397 0.951262
0.397595 0.951205
0.396794 0.951149
0.395992 0.951092
0.395190 0.951034
0.394389 0.950976
0.393587 0.950918
0.392786 0.950860
0.391984 0.950801
0.391182 0.950742
0.390381 0.950682
0.389579 0.950622
0.388778 0.950562
0.387976 0.950501
0.387174 0.950440
0.386373 0.950379
0.385571 0.950317
0.384770 0.950254
0.383968 0.950191
0.383166 0.950128
0.382365 0.950065
0.381563 0.950001
0.380762 0.949936
0.379960 0.949871
0.379158 0.949806
0.378357 0.949740
0.377555 0.949673
0.376754 0.949607
0.375952 0.949539
0.375150 0.949472
0.374349 0.949403
0.373547 0.949335
0.372745 0.949265
0.371944 0.949196
0.371142 0.949125
0.370341 0.949055
0.369539 0.948983
0.368737 0.948912
0.367936 0.948839
0.367134 0.948766
0.366333 0.948693
0.365531 0.948619
0.364729 0.948544
0.363928 0.948469
0.363126 0.948393
0.362325 0.948317
0.361523 0.948240
0.360721 0.948163
0.359920 0.948084
0.359118 0.948006
0.358317 0.947926
0.357515 0.947846
0.356713 0.947766
0.355912 0.947684
0.355110 0.947602
0.354309 0.947520
0.353507 0.947436
0.352705 0.947352
0.351904 0.947267
0.351102 0.947182
0.350301 0.947096
0.349499 0.947009
0.348697 0.946921
0.347896 0.946833
0.347094 0.946744
0.346293 0.946654
0.345491 0.946563
0.344689 0.946472
0.343888 0.946380
0.343086 0.946287
0.342285 0.946193
0.341483 0.946098
0.340681 0.946002
0.339880 0.945906
0.339078 0.945809
0.338277 0.945711
0.337475 0.945612
0.336673 0.945512
0.335872 0.945411
0.335070 0.945309
0.334269 0.945207
0.333467 0.945103
0.332665 0.944998
0.331864 0.944893
0.331062 0.944786
0.330261 0.944679
0.329459 0.944570
0.328657 0.944460
0.327856 0.944350
0.327054 0.944238
0.326253 0.944125
0.325451 0.944011
0.324649 0.943896
0.323848 0.943780
0.323046 0.943663
0.322244 0.943544
0.321443 0.943424
0.320641 0.943304
0.319840 0.943182
0.319038 0.943058
0.318236 0.942934
0.317435 0.942808
0.316633 0.942681
0.315832 0.942553
0.315030 0.942423
0.314228 0.942292
0.313427 0.942160
0.312625 0.942026
0.311824 0.941891
0.311022 0.941754
0.310220 0.941616
0.309419 0.941477
0.308617 0.941336
0.307816 0.941194
0.307014 0.941050
0.306212 0.940904
0.305411 0.940757
0.304609 0.940609
0.303808 0.940459
0.303006 0.940307
0.302204 0.940153
0.301403 0.939998
0.300601 0.939841
0.299800 0.939682
0.298998 0.939522
0.298196 0.939360
0.297395 0.939196
0.296593 0.939030
0.295792 0.938862
0.294990 0.938692
0.294188 0.938521
0.293387 0.938347
0.292585 0.938171
0.291784 0.937994
0.290982 0.937814
0.290180 0.937632
0.289379 0.937449
0.288577 0.937262
0.287776 0.937074
0.286974 0.936884
0.286172 0.936692
0.285371 0.936496
0.284569 0.936299
0.283768 0.936099
0.282966 0.935897
0.282164 0.935693
0.281363 0.935486
0.280561 0.935276
0.279760 0.935064
0.278958 0.934849
0.278156 0.934632
0.277355 0.934411
0.276553 0.934189
0.275752 0.933963
0.274950 0.933734
0.274148 0.933503
0.273347 0.933269
0.272545 0.933031
0.271743 0.932791
0.270942 0.932547
0.270140 0.932301
0.269339 0.932051
0.268537 0.931798
0.267735 0.931542
0.266934 0.931282
0.266132 0.931019
0.265331 0.930753
0.264529 0.930483
0.263727 0.930209
0.262926 0.929931
0.262124 0.929650
0.261323 0.929365
0.260521 0.929077
0.259719 0.928784
0.258918 0.928487
0.258116 0.928187
0.257315 0.927882
0.256513 0.927572
0.255711 0.927259
0.254910 0.926941
0.254108 0.926619
0.253307 0.926292
0.252505 0.925961
0.251703 0.925625
0.250902 0.925284
0.250100 0.924938
0.249299 0.924587
0.248497 0.924231
0.247695 0.923870
0.246894 0.923504
0.246092 0.923132
0.245291 0.922755
0.244489 0.922372
0.243687 0.921983
0.242886 0.921589
0.242084 0.921189
0.241283 0.920783
0.240481 0.920370
0.239679 0.919951
0.238878 0.919526
0.238076 0.919095
0.237275 0.918656
0.236473 0.918211
0.235671 0.917759
0.234870 0.917300
0.234068 0.916833
0.233267 0.916360
0.232465 0.915878
0.231663 0.915389
0.230862 0.914892
0.230060 0.914387
0.229259 0.913874
0.228457 0.913353
0.227655 0.912822
0.226854 0.912284
0.226052 0.911736
0.225251 0.911179
0.224449 0.910613
0.223647 0.910037
0.222846 0.909451
0.222044 0.908856
0.221242 0.908250
0.220441 0.907634
0.219639 0.907007
0.218838 0.906369
0.218036 0.905720
0.217234 0.905059
0.216433 0.904387
0.215631 0.903703
0.214830 0.903006
0.214028 0.902297
0.213226 0.901576
0.212425 0.900841
0.211623 0.900092
0.210822 0.899330
0.210020 0.898553
0.209218 0.897762
0.208417 0.896956
0.207615 0.896134
0.206814 0.895297
0.206012 0.894444
0.205210 0.893575
0.204409 0.892688
0.203607 0.891785
0.202806 0.890863
0.202004 0.889923
0.201202 0.888964
0.200401 0.887986
0.199599 0.886988
0.198798 0.885970
0.197996 0.884931
0.197194 0.883870
0.196393 0.882788
0.195591 0.881682
0.194790 0.880553
0.193988 0.879400
0.193186 0.878223
0.192385 0.877019
0.191583 0.875790
0.190782 0.874534
0.189980 0.873249
0.189178 0.871936
0.188377 0.870594
0.187575 0.869221
0.186774 0.867816
0.185972 0.866379
0.185170 0.864909
0.184369 0.863404
0.183567 0.861863
0.182766 0.860286
0.181964 0.858670
0.181162 0.857015
0.180361 0.855320
0.179559 0.853582
0.178758 0.851801
0.177956 0.849975
0.177154 0.848102
0.176353 0.846180
0.175551 0.844209
0.174749 0.842186
0.173948 0.840109
0.173146 0.837976
0.172345 0.835785
0.171543 0.833534
0.170741 0.831220
0.169940 0.828841
0.169138 0.826395
0.168337 0.823878
0.167535 0.821287
0.166733 0.818620
0.165932 0.815873
0.165130 0.813043
0.164329 0.810126
0.163527 0.807119
0.162725 0.804016
0.161924 0.800814
0.161122 0.797508
0.160321 0.794093
0.159519 0.790564
0.158717 0.786914
0.157916 0.783138
0.157114 0.779230
0.156313 0.775181
0.155511 0.770985
0.154709 0.766633
0.153908 0.762116
0.153106 0.757425
0.152305 0.752549
0.151503 0.747477
0.150701 0.742195
0.149900 0.736691
0.149098 0.730949
0.148297 0.724952
0.147495 0.718682
0.146693 0.712118
0.145892 0.705237
0.145090 0.698012
0.144289 0.690415
0.143487 0.682412
0.142685 0.673963
0.141884 0.665024
0.141082 0.655542
0.140281 0.645455
0.139479 0.634688
0.138677 0.623151
0.137876 0.610731
0.137074 0.597285
0.136273 0.582627
0.135471 0.566506
0.134669 0.548571
0.133868 0.528296
0.133066 0.504831
0.132265 0.476611
0.131463 0.440132
0.130661 0.379853
0.129860 0.000000
0.129058 0.000000
0.128257 0.000000
0.127455 0.000000
0.126653 0.000000
0.125852 0.000000
0.125050 0.000000
0.124248 0.000000
0.123447 0.000000
0.122645 0.000000
0.121844 0.000000
0.121042 0.000000
0.120240 0.000000
0.119439 0.000000
0.118637 0.000000
0.117836 0.000000
0.117034 0.000000
0.116232 0.000000
0.115431 0.000000
0.114629 0.000000
0.113828 0.000000
0.113026 0.000000
0.112224 0.000000
0.111423 0.000000
0.110621 0.000000
0.109820 0.000000
0.109018 0.000000
0.108216 0.000000
0.107415 0.000000
0.106613 0.000000
0.105812 0.000000
0.105010 0.000000
0.104208 0.000000
0.103407 0.000000
0.102605 0.000000
0.101804 0.000000
0.101002 0.000000
0.100200 0.000000
0.099399 0.000000
0.098597 0.000000
0.097796 0.000000
0.096994 0.000000
0.096192 0.000000
0.095391 0.000000
0.094589 0.000000
0.093788 0.000000
0.092986 0.000000
0.092184 0.000000
0.091383 0.000000
0.090581 0.000000
0.089780 0.000000
0.088978 0.000000
0.088176 0.000000
0.087375 0.000000
0.086573 0.000000
0.085772 0.000000
0.084970 0.000000
0.084168 0.000000
0.083367 0.000000
0.082565 0.000000
0.081764 0.000000
0.080962 0.000000
0.080160 0.000000
0.079359 0.000000
0.078557 0.000000
0.077756 0.000000
0.076954 0.000000
0.076152 0.000000
0.075351 0.000000
0.074549 0.000000
0.073747 0.000000
0.072946 0.000000
0.072144 0.000000
0.071343 0.000000
0.070541 0.000000
0.069739 0.000000
0.068938 0.000000
0.068136 0.000000
0.067335 0.000000
0.066533 0.000000
0.065731 0.000000
0.064930 0.000000
0.064128 0.000000
0.063327 0.000000
0.062525 0.000000
0.061723 0.000000
0.060922 0.000000
0.060120 0.000000
0.059319 0.000000
0.058517 0.000000
0.057715 0.000000
0.056914 0.000000
0.056112 0.000000
0.055311 0.000000
0.054509 0.000000
0.053707 0.000000
0.052906 0.000000
0.052104 0.000000
0.051303 0.000000
0.050501 0.000000
0.049699 0.000000
0.048898 0.000000
0.048096 0.000000
0.047295 0.000000
0.046493 0.000000
0.045691 0.000000
0.044890 0.000000
0.044088 0.000000
0.043287 0.000000
0.042485 0.000000
0.041683 0.000000
0.040882 0.000000
0.040080 0.000000
0.039279 0.000000
0.038477 0.000000
0.037675 0.000000
0.036874 0.000000
0.036072 0.000000
0.035271 0.000000
0.034469 0.000000
0.033667 0.000000
0.032866 0.000000
0.032064 0.000000
0.031263 0.000000
0.030461 0.000000
0.029659 0.000000
0.028858 0.000000
0.028056 0.000000
0.027255 0.000000
0.026453 0.000000
0.025651 0.000000
0.024850 nan
0.024048 nan
0.023246 nan
0.022445 nan
0.021643 nan
0.020842 nan
0.020040 nan
0.019238 nan
0.018437 nan
0.017635 nan
0.016834 nan
0.016032 nan
0.015230 nan
0.014429 nan
0.013627 nan
0.012826 nan
0.012024 nan
0.011222 nan
0.010421 nan
0.009619 nan
0.008818 nan
0.008016 nan
0.007214 nan
0.006413 nan
0.005611 nan
0.004810 nan
0.004008 nan
0.003206 nan
0.002405 nan
0.001603 nan
0.000802 nan
0.000000 nan
