0.400000 0.913197
0.399198 0.912897
0.398397 0.912596
0.397595 0.912293
0.396794 0.911988
0.395992 0.911681
0.395190 0.911372
0.394389 0.911061
0.393587 0.910748
0.392786 0.910434
0.391984 0.910117
0.391182 0.909798
0.390381 0.909477
0.389579 0.909155
0.388778 0.908830
0.387976 0.908503
0.387174 0.908174
0.386373 0.907843
0.385571 0.907510
0.384770 0.907174
0.383968 0.906837
0.383166 0.906497
0.382365 0.906156
0.381563 0.905812
0.380762 0.905465
0.379960 0.905117
0.379158 0.904766
0.378357 0.904413
0.377555 0.904058
0.376754 0.903700
0.375952 0.903340
0.375150 0.902978
0.374349 0.902614
0.373547 0.902247
0.372745 0.901877
0.371944 0.901505
0.371142 0.901131
0.370341 0.900754
0.369539 0.900375
0.368737 0.899993
0.367936 0.899609
0.367134 0.899222
0.366333 0.898833
0.365531 0.898441
0.364729 0.898046
0.363928 0.897649
0.363126 0.897249
0.362325 0.896846
0.361523 0.896441
0.360721 0.896033
0.359920 0.895622
0.359118 0.895208
0.358317 0.894792
0.357515 0.894373
0.356713 0.893951
0.355912 0.893526
0.355110 0.893098
0.354309 0.892667
0.353507 0.892233
0.352705 0.891797
0.351904 0.891357
0.351102 0.890914
0.350301 0.890468
0.349499 0.890020
0.348697 0.889568
0.347896 0.889113
0.347094 0.888654
0.346293 0.888193
0.345491 0.887728
0.344689 0.887260
0.343888 0.886789
0.343086 0.886315
0.342285 0.885837
0.341483 0.885356
0.340681 0.884871
0.339880 0.884383
0.339078 0.883891
0.338277 0.883396
0.337475 0.882898
0.336673 0.882396
0.335872 0.881890
0.335070 0.881381
0.334269 0.880868
0.333467 0.880352
0.332665 0.879831
0.331864 0.879307
0.331062 0.878780
0.330261 0.878248
0.329459 0.877712
0.328657 0.877173
0.327856 0.876630
0.327054 0.876082
0.326253 0.875531
0.325451 0.874976
0.324649 0.874417
0.323848 0.873853
0.323046 0.873285
0.322244 0.872714
0.321443 0.872138
0.320641 0.871557
0.319840 0.870973
0.319038 0.870384
0.318236 0.869790
0.317435 0.869192
0.316633 0.868590
0.315832 0.867983
0.315030 0.867372
0.314228 0.866756
0.313427 0.866135
0.312625 0.865510
0.311824 0.864880
0.311022 0.864245
0.310220 0.863605
0.309419 0.862961
0.308617 0.862311
0.307816 0.861657
0.307014 0.860997
0.306212 0.860333
0.305411 0.859663
0.304609 0.858988
0.303808 0.858308
0.303006 0.857623
0.302204 0.856932
0.301403 0.856236
0.300601 0.855534
0.299800 0.854827
0.298998 0.854115
0.298196 0.853397
0.297395 0.852673
0.296593 0.851943
0.295792 0.851208
0.294990 0.850467
0.294188 0.849720
0.293387 0.848967
0.292585 0.848208
0.291784 0.847442
0.290982 0.846671
0.290180 0.845893
0.289379 0.845110
0.288577 0.844320
0.287776 0.843523
0.286974 0.842720
0.286172 0.841911
0.285371 0.841095
0.284569 0.840272
0.283768 0.839443
0.282966 0.838607
0.282164 0.837764
0.281363 0.836914
0.280561 0.836057
0.279760 0.835193
0.278958 0.834321
0.278156 0.833443
0.277355 0.832557
0.276553 0.831664
0.275752 0.830763
0.274950 0.829855
0.274148 0.828939
0.273347 0.828015
0.272545 0.827084
0.271743 0.826144
0.270942 0.825197
0.270140 0.824241
0.269339 0.823278
0.268537 0.822306
0.267735 0.821326
0.266934 0.820337
0.266132 0.819340
0.265331 0.818335
0.264529 0.817320
0.263727 0.816297
0.262926 0.815265
0.262124 0.814224
0.261323 0.813174
0.260521 0.812114
0.259719 0.811045
0.258918 0.809967
0.258116 0.808880
0.257315 0.807782
0.256513 0.806675
0.255711 0.805558
0.254910 0.804431
0.254108 0.803295
0.253307 0.802147
0.252505 0.800990
0.251703 0.799822
0.250902 0.798644
0.250100 0.797455
0.249299 0.796255
0.248497 0.795044
0.247695 0.793822
0.246894 0.792589
0.246092 0.791345
0.245291 0.790089
0.244489 0.788821
0.243687 0.787542
0.242886 0.786251
0.242084 0.784948
0.241283 0.783633
0.240481 0.782306
0.239679 0.780966
0.238878 0.779614
0.238076 0.778248
0.237275 0.776870
0.236473 0.775479
0.235671 0.774073
0.234870 0.772655
0.234068 0.771224
0.233267 0.769779
0.232465 0.768320
0.231663 0.766847
0.230862 0.765360
0.230060 0.763858
0.229259 0.762342
0.228457 0.760811
0.227655 0.759265
0.226854 0.757704
0.226052 0.756128
0.225251 0.754536
0.224449 0.752928
0.223647 0.751305
0.222846 0.749665
0.222044 0.748009
0.221242 0.746337
0.220441 0.744648
0.219639 0.742942
0.218838 0.741218
0.218036 0.739477
0.217234 0.737719
0.216433 0.735943
0.215631 0.734148
0.214830 0.732336
0.214028 0.730504
0.213226 0.728654
0.212425 0.726785
0.211623 0.724896
0.210822 0.722988
0.210020 0.721060
0.209218 0.719112
0.208417 0.717143
0.207615 0.715154
0.206814 0.713144
0.206012 0.711112
0.205210 0.709059
0.204409 0.706984
0.203607 0.704887
0.202806 0.702764
0.202004 0.700622
0.201202 0.698456
0.200401 0.696267
0.199599 0.694055
0.198798 0.691818
0.197996 0.689557
0.197194 0.687272
0.196393 0.684961
0.195591 0.682624
0.194790 0.680262
0.193988 0.677874
0.193186 0.675459
0.192385 0.673017
0.191583 0.670548
0.190782 0.668051
0.189980 0.665526
0.189178 0.662972
0.188377 0.660390
0.187575 0.657778
0.186774 0.655136
0.185972 0.652463
0.185170 0.649756
0.184369 0.647022
0.183567 0.644256
0.182766 0.641457
0.181964 0.638627
0.181162 0.635762
0.180361 0.632865
0.179559 0.629933
0.178758 0.626966
0.177956 0.623965
0.177154 0.620927
0.176353 0.617853
0.175551 0.614742
0.174749 0.611594
0.173948 0.608407
0.173146 0.605182
0.172345 0.601913
0.171543 0.598608
0.170741 0.595263
0.169940 0.591876
0.169138 0.588448
0.168337 0.584977
0.167535 0.581463
0.166733 0.577905
0.165932 0.574302
0.165130 0.570653
0.164329 0.566959
0.163527 0.563217
0.162725 0.559422
0.161924 0.555584
0.161122 0.551697
0.160321 0.547759
0.159519 0.543770
0.158717 0.539729
0.157916 0.535635
0.157114 0.531488
0.156313 0.527286
0.155511 0.523022
0.154709 0.518708
0.153908 0.514335
0.153106 0.509904
0.152305 0.505413
0.151503 0.500862
0.150701 0.496249
0.149900 0.491573
0.149098 0.486826
0.148297 0.482020
0.147495 0.477148
0.146693 0.472208
0.145892 0.467199
0.145090 0.462120
0.144289 0.456963
0.143487 0.451739
0.142685 0.446441
0.141884 0.441068
0.141082 0.435617
0.140281 0.430081
0.139479 0.424472
0.138677 0.418781
0.137876 0.413007
0.137074 0.407141
0.136273 0.401195
0.135471 0.395161
0.134669 0.389037
0.133868 0.382815
0.133066 0.376505
0.132265 0.370101
0.131463 0.363591
0.130661 0.356990
0.129860 0.350287
0.129058 0.343473
0.128257 0.336561
0.127455 0.329533
0.126653 0.322403
0.125852 0.315153
0.125050 0.307795
0.124248 0.300313
0.123447 0.292718
0.122645 0.284994
0.121844 0.277152
0.121042 0.269174
0.120240 0.261067
0.119439 0.252825
0.118637 0.244456
0.117836 0.235939
0.117034 0.227280
0.116232 0.218476
0.115431 0.209514
0.114629 0.200409
0.113828 0.191148
0.113026 0.181720
0.112224 0.172130
0.111423 0.162383
0.110621 0.152449
0.109820 0.142351
0.109018 0.132068
0.108216 0.121606
0.107415 0.110952
0.106613 0.100105
0.105812 0.089071
0.105010 0.077833
0.104208 0.066385
0.103407 0.054746
0.102605 0.042912
0.101804 0.030908
0.101002 0.018827
0.100200 0.007362
0.099399 0.001531
