0.400000 0.954014
0.399198 0.953973
0.398397 0.953932
0.397595 0.953891
0.396794 0.953849
0.395992 0.953808
0.395190 0.953766
0.394389 0.953724
0.393587 0.953682
0.392786 0.953640
0.391984 0.953597
0.391182 0.953555
0.390381 0.953512
0.389579 0.953469
0.388778 0.953425
0.387976 0.953382
0.387174 0.953338
0.386373 0.953294
0.385571 0.953250
0.384770 0.953206
0.383968 0.953161
0.383166 0.953116
0.382365 0.953071
0.381563 0.953026
0.380762 0.952980
0.379960 0.952935
0.379158 0.952889
0.378357 0.952842
0.377555 0.952796
0.376754 0.952749
0.375952 0.952702
0.375150 0.952655
0.374349 0.952608
0.373547 0.952560
0.372745 0.952512
0.371944 0.952464
0.371142 0.952415
0.370341 0.952367
0.369539 0.952318
0.368737 0.952268
0.367936 0.952219
0.367134 0.952169
0.366333 0.952119
0.365531 0.952069
0.364729 0.952018
0.363928 0.951967
0.363126 0.951916
0.362325 0.951864
0.361523 0.951812
0.360721 0.951760
0.359920 0.951708
0.359118 0.951655
0.358317 0.951602
0.357515 0.951548
0.356713 0.951495
0.355912 0.951441
0.355110 0.951386
0.354309 0.951332
0.353507 0.951276
0.352705 0.951221
0.351904 0.951165
0.351102 0.951109
0.350301 0.951053
0.349499 0.950996
0.348697 0.950939
0.347896 0.950881
0.347094 0.950824
0.346293 0.950765
0.345491 0.950707
0.344689 0.950648
0.343888 0.950588
0.343086 0.950529
0.342285 0.950468
0.341483 0.950408
0.340681 0.950347
0.339880 0.950286
0.339078 0.950224
0.338277 0.950162
0.337475 0.950099
0.336673 0.950036
0.335872 0.949972
0.335070 0.949909
0.334269 0.949844
0.333467 0.949779
0.332665 0.949714
0.331864 0.949648
0.331062 0.949582
0.330261 0.949516
0.329459 0.949449
0.328657 0.949381
0.327856 0.949313
0.327054 0.949244
0.326253 0.949175
0.325451 0.949106
0.324649 0.949036
0.323848 0.948965
0.323046 0.948894
0.322244 0.948822
0.321443 0.948750
0.320641 0.948677
0.319840 0.948604
0.319038 0.948530
0.318236 0.948456
0.317435 0.948381
0.316633 0.948305
0.315832 0.948229
0.315030 0.948152
0.314228 0.948075
0.313427 0.947997
0.312625 0.947919
0.311824 0.947840
0.311022 0.947760
0.310220 0.947679
0.309419 0.947598
0.308617 0.947517
0.307816 0.947434
0.307014 0.947351
0.306212 0.947268
0.305411 0.947183
0.304609 0.947098
0.303808 0.947013
0.303006 0.946926
0.302204 0.946839
0.301403 0.946751
0.300601 0.946662
0.299800 0.946573
0.298998 0.946483
0.298196 0.946392
0.297395 0.946300
0.296593 0.946208
0.295792 0.946114
0.294990 0.946020
0.294188 0.945925
0.293387 0.945830
0.292585 0.945733
0.291784 0.945636
0.290982 0.945538
0.290180 0.945439
0.289379 0.945339
0.288577 0.945238
0.287776 0.945136
0.286974 0.945033
0.286172 0.944930
0.285371 0.944825
0.284569 0.944719
0.283768 0.944613
0.282966 0.944505
0.282164 0.944397
0.281363 0.944288
0.280561 0.944177
0.279760 0.944066
0.278958 0.943953
0.278156 0.943840
0.277355 0.943725
0.276553 0.943609
0.275752 0.943492
0.274950 0.943374
0.274148 0.943255
0.273347 0.943135
0.272545 0.943014
0.271743 0.942891
0.270942 0.942767
0.270140 0.942642
0.269339 0.942516
0.268537 0.942388
0.267735 0.942260
0.266934 0.942130
0.266132 0.941999
0.265331 0.941866
0.264529 0.941732
0.263727 0.941597
0.262926 0.941460
0.262124 0.941322
0.261323 0.941183
0.260521 0.941042
0.259719 0.940899
0.258918 0.940756
0.258116 0.940610
0.257315 0.940464
0.256513 0.940315
0.255711 0.940165
0.254910 0.940014
0.254108 0.939861
0.253307 0.939706
0.252505 0.939550
0.251703 0.939392
0.250902 0.939232
0.250100 0.939071
0.249299 0.938908
0.248497 0.938743
0.247695 0.938576
0.246894 0.938408
0.246092 0.938238
0.245291 0.938065
0.244489 0.937891
0.243687 0.937715
0.242886 0.937537
0.242084 0.937357
0.241283 0.937175
0.240481 0.936991
0.239679 0.936805
0.238878 0.936617
0.238076 0.936426
0.237275 0.936234
0.236473 0.936039
0.235671 0.935842
0.234870 0.935643
0.234068 0.935441
0.233267 0.935237
0.232465 0.935031
0.231663 0.934822
0.230862 0.934611
0.230060 0.934397
0.229259 0.934180
0.228457 0.933962
0.227655 0.933740
0.226854 0.933516
0.226052 0.933289
0.225251 0.933059
0.224449 0.932827
0.223647 0.932592
0.222846 0.932353
0.222044 0.932112
0.221242 0.931868
0.220441 0.931621
0.219639 0.931371
0.218838 0.931117
0.218036 0.930861
0.217234 0.930601
0.216433 0.930338
0.215631 0.930072
0.214830 0.929802
0.214028 0.929528
0.213226 0.929252
0.212425 0.928971
0.211623 0.928687
0.210822 0.928399
0.210020 0.928108
0.209218 0.927813
0.208417 0.927513
0.207615 0.927210
0.206814 0.926903
0.206012 0.926591
0.205210 0.926276
0.204409 0.925956
0.203607 0.925632
0.202806 0.925303
0.202004 0.924970
0.201202 0.924632
0.200401 0.924290
0.199599 0.923942
0.198798 0.923590
0.197996 0.923233
0.197194 0.922871
0.196393 0.922504
0.195591 0.922132
0.194790 0.921754
0.193988 0.921371
0.193186 0.920983
0.192385 0.920589
0.191583 0.920189
0.190782 0.919783
0.189980 0.919371
0.189178 0.918953
0.188377 0.918529
0.187575 0.918099
0.186774 0.917662
0.185972 0.917219
0.185170 0.916769
0.184369 0.916312
0.183567 0.915848
0.182766 0.915377
0.181964 0.914899
0.181162 0.914413
0.180361 0.913920
0.179559 0.913419
0.178758 0.912910
0.177956 0.912393
0.177154 0.911868
0.176353 0.911334
0.175551 0.910792
0.174749 0.910241
0.173948 0.909681
0.173146 0.909112
0.172345 0.908533
0.171543 0.907945
0.170741 0.907347
0.169940 0.906739
0.169138 0.906121
0.168337 0.905492
0.167535 0.904853
0.166733 0.904202
0.165932 0.903541
0.165130 0.902867
0.164329 0.902182
0.163527 0.901485
0.162725 0.900776
0.161924 0.900054
0.161122 0.899319
0.160321 0.898571
0.159519 0.897809
0.158717 0.897033
0.157916 0.896243
0.157114 0.895438
0.156313 0.894619
0.155511 0.893784
0.154709 0.892933
0.153908 0.892065
0.153106 0.891181
0.152305 0.890281
0.151503 0.889362
0.150701 0.888426
0.149900 0.887470
0.149098 0.886496
0.148297 0.885503
0.147495 0.884489
0.146693 0.883454
0.145892 0.882399
0.145090 0.881321
0.144289 0.880221
0.143487 0.879098
0.142685 0.877951
0.141884 0.876779
0.141082 0.875582
0.140281 0.874359
0.139479 0.873108
0.138677 0.871831
0.137876 0.870524
0.137074 0.869188
0.136273 0.867822
0.135471 0.866424
0.134669 0.864993
0.133868 0.863529
0.133066 0.862030
0.132265 0.860495
0.131463 0.858923
0.130661 0.857312
0.129860 0.855662
0.129058 0.853970
0.128257 0.852235
0.127455 0.850456
0.126653 0.848630
0.125852 0.846757
0.125050 0.844834
0.124248 0.842860
0.123447 0.840832
0.122645 0.838747
0.121844 0.836605
0.121042 0.834401
0.120240 0.832135
0.119439 0.829802
0.118637 0.827401
0.117836 0.824927
0.117034 0.822378
0.116232 0.819750
0.115431 0.817039
0.114629 0.814241
0.113828 0.811352
0.113026 0.808367
0.112224 0.805281
0.111423 0.802089
0.110621 0.798785
0.109820 0.795362
0.109018 0.791814
0.108216 0.788133
0.107415 0.784310
0.106613 0.780338
0.105812 0.776205
0.105010 0.771902
0.104208 0.767415
0.103407 0.762732
0.102605 0.757838
0.101804 0.752716
0.101002 0.747347
0.100200 0.741709
0.099399 0.735779
0.098597 0.729527
0.097796 0.722932
0.096994 0.715944
0.096192 0.708508
0.095391 0.700582
0.094589 0.692098
0.093788 0.682975
0.092986 0.673102
0.092184 0.662361
0.091383 0.650551
0.090581 0.637449
0.089780 0.622671
0.088978 0.605663
0.088176 0.585435
0.087375 0.559971
0.086573 0.523301
