0.400000 0.889825
0.399198 0.889218
0.398397 0.888608
0.397595 0.887993
0.396794 0.887375
0.395992 0.886752
0.395190 0.886125
0.394389 0.885495
0.393587 0.884860
0.392786 0.884221
0.391984 0.883578
0.391182 0.882930
0.390381 0.882279
0.389579 0.881623
0.388778 0.880962
0.387976 0.880298
0.387174 0.879629
0.386373 0.878955
0.385571 0.878277
0.384770 0.877595
0.383968 0.876908
0.383166 0.876216
0.382365 0.875520
0.381563 0.874819
0.380762 0.874114
0.379960 0.873403
0.379158 0.872688
0.378357 0.871969
0.377555 0.871244
0.376754 0.870514
0.375952 0.869780
0.375150 0.869041
0.374349 0.868296
0.373547 0.867547
0.372745 0.866792
0.371944 0.866033
0.371142 0.865268
0.370341 0.864498
0.369539 0.863723
0.368737 0.862942
0.367936 0.862157
0.367134 0.861365
0.366333 0.860569
0.365531 0.859767
0.364729 0.858959
0.363928 0.858146
0.363126 0.857327
0.362325 0.856503
0.361523 0.855672
0.360721 0.854836
0.359920 0.853995
0.359118 0.853147
0.358317 0.852294
0.357515 0.851434
0.356713 0.850569
0.355912 0.849698
0.355110 0.848820
0.354309 0.847936
0.353507 0.847047
0.352705 0.846150
0.351904 0.845248
0.351102 0.844339
0.350301 0.843424
0.349499 0.842502
0.348697 0.841574
0.347896 0.840639
0.347094 0.839698
0.346293 0.838750
0.345491 0.837795
0.344689 0.836833
0.343888 0.835864
0.343086 0.834889
0.342285 0.833906
0.341483 0.832917
0.340681 0.831920
0.339880 0.830916
0.339078 0.829905
0.338277 0.828887
0.337475 0.827861
0.336673 0.826827
0.335872 0.825787
0.335070 0.824738
0.334269 0.823679
0.333467 0.822615
0.332665 0.821544
0.331864 0.820464
0.331062 0.819377
0.330261 0.818282
0.329459 0.817178
0.328657 0.816067
0.327856 0.814947
0.327054 0.813819
0.326253 0.812682
0.325451 0.811538
0.324649 0.810384
0.323848 0.809222
0.323046 0.808052
0.322244 0.806872
0.321443 0.805684
0.320641 0.804487
0.319840 0.803280
0.319038 0.802065
0.318236 0.800841
0.317435 0.799607
0.316633 0.798364
0.315832 0.797112
0.315030 0.795850
0.314228 0.794578
0.313427 0.793297
0.312625 0.792006
0.311824 0.790705
0.311022 0.789394
0.310220 0.788073
0.309419 0.786742
0.308617 0.785400
0.307816 0.784048
0.307014 0.782686
0.306212 0.781313
0.305411 0.779930
0.304609 0.778535
0.303808 0.777130
0.303006 0.775714
0.302204 0.774287
0.301403 0.772849
0.300601 0.771399
0.299800 0.769938
0.298998 0.768465
0.298196 0.766981
0.297395 0.765485
0.296593 0.763973
0.295792 0.762453
0.294990 0.760921
0.294188 0.759377
0.293387 0.757820
0.292585 0.756251
0.291784 0.754669
0.290982 0.753075
0.290180 0.751467
0.289379 0.749847
0.288577 0.748214
0.287776 0.746567
0.286974 0.744907
0.286172 0.743233
0.285371 0.741546
0.284569 0.739845
0.283768 0.738130
0.282966 0.736401
0.282164 0.734658
0.281363 0.732900
0.280561 0.731128
0.279760 0.729341
0.278958 0.727540
0.278156 0.725723
0.277355 0.723891
0.276553 0.722044
0.275752 0.720182
0.274950 0.718304
0.274148 0.716410
0.273347 0.714495
0.272545 0.712569
0.271743 0.710627
0.270942 0.708668
0.270140 0.706692
0.269339 0.704700
0.268537 0.702691
0.267735 0.700664
0.266934 0.698620
0.266132 0.696559
0.265331 0.694479
0.264529 0.692382
0.263727 0.690267
0.262926 0.688133
0.262124 0.685981
0.261323 0.683810
0.260521 0.681620
0.259719 0.679411
0.258918 0.677182
0.258116 0.674934
0.257315 0.672666
0.256513 0.670373
0.255711 0.668065
0.254910 0.665736
0.254108 0.663387
0.253307 0.661016
0.252505 0.658624
0.251703 0.656211
0.250902 0.653776
0.250100 0.651320
0.249299 0.648841
0.248497 0.646339
0.247695 0.643815
0.246894 0.641268
0.246092 0.638698
0.245291 0.636104
0.244489 0.633486
0.243687 0.630845
0.242886 0.628173
0.242084 0.625483
0.241283 0.622767
0.240481 0.620026
0.239679 0.617260
0.238878 0.614467
0.238076 0.611649
0.237275 0.608804
0.236473 0.605933
0.235671 0.603034
0.234870 0.600108
0.234068 0.597155
0.233267 0.594173
0.232465 0.591157
0.231663 0.588118
0.230862 0.585049
0.230060 0.581952
0.229259 0.578824
0.228457 0.575666
0.227655 0.572478
0.226854 0.569258
0.226052 0.566008
0.225251 0.562725
0.224449 0.559411
0.223647 0.556057
0.222846 0.552677
0.222044 0.549263
0.221242 0.545815
0.220441 0.542333
0.219639 0.538817
0.218838 0.535265
0.218036 0.531678
0.217234 0.528054
0.216433 0.524388
0.215631 0.520691
0.214830 0.516956
0.214028 0.513183
0.213226 0.509372
0.212425 0.505522
0.211623 0.501633
0.210822 0.497696
0.210020 0.493726
0.209218 0.489714
0.208417 0.485661
0.207615 0.481566
0.206814 0.477427
0.206012 0.473246
0.205210 0.469013
0.204409 0.464743
0.203607 0.460427
0.202806 0.456065
0.202004 0.451657
0.201202 0.447195
0.200401 0.442692
0.199599 0.438141
0.198798 0.433540
0.197996 0.428890
0.197194 0.424182
0.196393 0.419429
0.195591 0.414625
0.194790 0.409768
0.193988 0.404850
0.193186 0.399886
0.192385 0.394866
0.191583 0.389790
0.190782 0.384650
0.189980 0.379460
0.189178 0.374212
0.188377 0.368897
0.187575 0.363530
0.186774 0.358101
0.185972 0.352603
0.185170 0.347050
0.184369 0.341433
0.183567 0.335744
0.182766 0.329997
0.181964 0.324175
0.181162 0.318294
0.180361 0.312344
0.179559 0.306315
0.178758 0.300225
0.177956 0.294054
0.177154 0.287810
0.176353 0.281500
0.175551 0.275107
0.174749 0.268645
0.173948 0.262098
0.173146 0.255471
0.172345 0.248765
0.171543 0.241985
0.170741 0.235114
0.169940 0.228160
0.169138 0.221120
0.168337 0.213993
0.167535 0.206779
0.166733 0.199467
0.165932 0.192072
0.165130 0.184586
0.164329 0.176997
0.163527 0.169322
0.162725 0.161542
0.161924 0.153665
0.161122 0.145688
0.160321 0.137603
0.159519 0.129415
0.158717 0.121126
0.157916 0.112732
0.157114 0.104226
0.156313 0.095606
0.155511 0.086882
0.154709 0.078046
0.153908 0.069092
0.153106 0.060034
0.152305 0.050854
0.151503 0.041591
0.150701 0.032238
0.149900 0.022857
0.149098 0.013644
0.148297 0.005633
0.147495 0.001893
